# ne_cache v1 — ORACLE-PROVENANCE INPUT DATA (m4-pinning §P4/C3; RESEARCH-M §2 amendment).
# Conductor N(E) and root number ε(E) for the height-ordered family
#   {E_{A,B}: y²=x³+Ax+B, H(E)=max(4|A|³,27B²) ≤ X, reduced, nonsingular}.
# N, eps are OBTAINED FROM AN ORACLE (PARI/GP) — a live oracle supplying
# trusted INPUT, not refereeing our numbers; a_p stays COMPUTED (ap_charsum).
# Residual risk: a systematic oracle N/ε error propagates silently — certified
# against pinned ecdata by verify/m4/oracle_dual_overlap_NE (5676 classes exact).
# Generated by: `at ne-cache --X 65536 --out data/m5/ne_cache_x65536.txt`.
# Oracle: PARI/GP [2, 17, 4], ellglobalred(ellinit([0,0,0,A,B]))[1] (N), ellrootno (eps).
# provenance: oracle   (columns N, eps)
# format_version 1
# generator_hash 787e95ade733c99f38e72ccb7d38f049b7e02b59ddb673627c58d8bc346de521
# X 65536
# count 5042
# A B N eps
-25 -49 37232 -1
-25 -48 2336 1
-25 -47 11428 -1
-25 -46 85888 -1
-25 -45 125200 1
-25 -44 81824 -1
-25 -43 50308 -1
-25 -42 18304 1
-25 -41 273808 1
-25 -40 154400 1
-25 -39 85732 -1
-25 -38 376192 1
-25 -37 408592 -1
-25 -36 9568 1
-25 -35 117700 -1
-25 -34 500608 1
-25 -33 529552 1
-25 -32 278816 1
-25 -31 146212 1
-25 -30 611200 -1
-25 -29 636688 1
-25 -28 330656 -1
-25 -27 171268 1
-25 -26 707968 1
-25 -25 29200 1
-25 -24 34144 -1
-25 -23 192868 1
-25 -22 790912 -1
-25 -21 809488 -1
-25 -20 413600 1
-25 -19 211012 1
-25 -18 860032 1
-25 -17 875152 1
-25 -16 444704 -1
-25 -15 225700 -1
-25 -14 915328 1
-25 -13 926992 -1
-25 -12 468896 -1
-25 -11 236932 -1
-25 -10 956800 1
-25 -9 965008 1
-25 -8 486176 -1
-25 -7 244708 1
-25 -6 984448 1
-25 -5 989200 1
-25 -4 496544 -1
-25 -3 249028 1
-25 -2 998272 -1
-25 -1 999568 -1
-25 0 800 -1
-25 1 249892 -1
-25 2 998272 -1
-25 3 996112 1
-25 4 496544 1
-25 5 247300 1
-25 6 984448 1
-25 7 978832 1
-25 8 486176 -1
-25 9 241252 1
-25 10 956800 1
-25 11 947728 -1
-25 12 468896 1
-25 13 231748 -1
-25 14 915328 1
-25 15 902800 -1
-25 16 444704 -1
-25 17 218788 1
-25 18 860032 1
-25 19 844048 1
-25 20 413600 -1
-25 21 202372 -1
-25 22 790912 -1
-25 23 771472 1
-25 24 34144 1
-25 25 7300 1
-25 26 707968 1
-25 27 685072 1
-25 28 330656 1
-25 29 159172 1
-25 30 611200 -1
-25 31 584848 1
-25 32 278816 1
-25 33 132388 1
-25 34 500608 1
-25 35 470800 -1
-25 36 9568 1
-25 37 102148 -1
-25 38 376192 1
-25 39 342928 -1
-25 40 154400 1
-25 41 68452 1
-25 42 18304 1
-25 43 201232 -1
-25 44 81824 1
-25 45 31300 1
-25 46 85888 -1
-25 47 45712 -1
-25 48 2336 1
-25 49 9308 1
-24 -49 50832 1
-24 -48 864 1
-24 -47 17388 -1
-24 -46 29376 -1
-24 -45 3312 -1
-24 -44 756 -1
-24 -43 21492 -1
-24 -42 122688 -1
-24 -41 52848 -1
-24 -40 4032 1
-24 -39 56916 -1
-24 -38 260928 -1
-24 -37 293328 1
-24 -36 6768 1
-24 -35 88884 -1
-24 -34 385344 -1
-24 -33 414288 -1
-24 -32 1152 1
-24 -31 39132 1
-24 -30 495936 1
-24 -29 521424 1
-24 -28 8532 -1
-24 -27 47484 1
-24 -26 12096 1
-24 -25 614736 -1
-24 -24 39744 -1
-24 -23 7812 -1
-24 -22 225216 -1
-24 -21 694224 1
-24 -20 44496 -1
-24 -19 182196 -1
-24 -18 248256 1
-24 -17 759888 -1
-24 -16 6048 -1
-24 -15 196884 -1
-24 -14 266688 -1
-24 -13 270576 1
-24 -12 12852 1
-24 -11 208116 -1
-24 -10 841536 -1
-24 -9 283248 -1
-24 -8 53568 -1
-24 -7 215892 1
-24 -6 869184 -1
-24 -5 17136 -1
-24 -4 18288 -1
-24 -3 220212 -1
-24 -2 883008 -1
-24 -1 884304 -1
-24 0 2304 1
-24 1 221076 -1
-24 2 883008 1
-24 3 880848 -1
-24 4 4572 1
-24 5 4284 1
-24 6 869184 1
-24 7 863568 1
-24 8 53568 1
-24 9 70812 1
-24 10 841536 1
-24 11 832464 -1
-24 12 51408 1
-24 13 67644 -1
-24 14 266688 -1
-24 15 787536 -1
-24 16 6048 -1
-24 17 189972 -1
-24 18 248256 1
-24 19 728784 -1
-24 20 11124 -1
-24 21 173556 1
-24 22 225216 -1
-24 23 31248 -1
-24 24 39744 1
-24 25 153684 -1
-24 26 12096 -1
-24 27 189936 -1
-24 28 34128 -1
-24 29 130356 1
-24 30 495936 -1
-24 31 156528 -1
-24 32 1152 -1
-24 33 103572 -1
-24 34 385344 1
-24 35 355536 -1
-24 36 1692 -1
-24 37 73332 1
-24 38 260928 1
-24 39 227664 -1
-24 40 4032 1
-24 41 13212 1
-24 42 122688 1
-24 43 85968 -1
-24 44 3024 -1
-24 45 828 1
-24 46 29376 -1
-24 47 69552 1
-24 48 864 -1
-24 49 12708 1
-23 -49 129272 -1
-23 -48 216640 1
-23 -47 35120 -1
-23 -46 8464 -1
-23 -45 48056 -1
-23 -44 57664 -1
-23 -43 20080 -1
-23 -42 1040 -1
-23 -41 26248 -1
-23 -40 87488 -1
-23 -39 121616 -1
-23 -38 440 -1
-23 -37 93640 -1
-23 -36 218816 -1
-23 -35 249488 -1
-23 -34 4364 -1
-23 -33 154120 1
-23 -32 336320 -1
-23 -31 363536 1
-23 -30 24368 -1
-23 -29 207688 1
-23 -28 3520 -1
-23 -27 463760 -1
-23 -26 30416 -1
-23 -25 254344 1
-23 -24 529856 -1
-23 -23 550160 1
-23 -22 3560 -1
-23 -21 294088 1
-23 -20 605888 -1
-23 -19 622736 -1
-23 -18 9980 -1
-23 -17 326920 -1
-23 -16 668096 1
-23 -15 681488 1
-23 -14 43376 -1
-23 -13 352840 1
-23 -12 716480 -1
-23 -11 726416 1
-23 -10 3536 1
-23 -9 371848 -1
-23 -8 751040 -1
-23 -7 757520 -1
-23 -6 23848 1
-23 -5 383944 -1
-23 -4 771776 -1
-23 -3 154960 -1
-23 -2 12140 -1
-23 -1 389128 -1
-23 0 33856 -1
-23 1 778256 1
-23 2 48560 1
-23 3 77480 -1
-23 4 771776 1
-23 5 767888 -1
-23 6 47696 -1
-23 7 378760 1
-23 8 751040 1
-23 9 743696 1
-23 10 1768 1
-23 11 363208 1
-23 12 716480 1
-23 13 705680 1
-23 14 10844 1
-23 15 340744 -1
-23 16 668096 -1
-23 17 653840 1
-23 18 39920 1
-23 19 311368 -1
-23 20 605888 1
-23 21 588176 1
-23 22 7120 -1
-23 23 275080 -1
-23 24 529856 1
-23 25 508688 -1
-23 26 15208 1
-23 27 231880 -1
-23 28 3520 1
-23 29 415376 1
-23 30 6092 1
-23 31 181768 -1
-23 32 336320 1
-23 33 308240 -1
-23 34 17456 1
-23 35 124744 -1
-23 36 218816 1
-23 37 187280 -1
-23 38 880 -1
-23 39 60808 1
-23 40 87488 1
-23 41 52496 1
-23 42 520 -1
-23 43 10040 1
-23 44 57664 -1
-23 45 96112 1
-23 46 2116 -1
-23 47 17560 -1
-23 48 216640 1
-23 49 258544 -1
-22 -49 355760 -1
-22 -48 156928 -1
-22 -47 8024 -1
-22 -46 232640 1
-22 -45 193328 1
-22 -44 77440 1
-22 -43 58648 1
-22 -42 80576 1
-22 -41 44720 -1
-22 -40 4864 1
-22 -39 2440 1
-22 -38 57664 -1
-22 -37 90064 -1
-22 -36 12160 1
-22 -35 76136 1
-22 -34 182080 -1
-22 -33 211024 -1
-22 -32 119552 -1
-22 -31 133160 -1
-22 -30 292672 -1
-22 -29 318160 -1
-22 -28 171392 -1
-22 -27 183272 -1
-22 -26 389440 1
-22 -25 411472 -1
-22 -24 16640 1
-22 -23 226472 1
-22 -22 472384 -1
-22 -21 25840 -1
-22 -20 254336 -1
-22 -19 262760 1
-22 -18 541504 -1
-22 -17 556624 -1
-22 -16 285440 -1
-22 -15 5512 -1
-22 -14 119360 1
-22 -13 608464 1
-22 -12 309632 1
-22 -11 62920 -1
-22 -10 638272 1
-22 -9 646480 1
-22 -8 326912 -1
-22 -7 330152 -1
-22 -6 665920 1
-22 -5 670672 -1
-22 -4 337280 -1
-22 -3 338792 1
-22 -2 679744 -1
-22 -1 681040 1
-22 0 30976 -1
-22 1 340520 1
-22 2 679744 -1
-22 3 677584 -1
-22 4 337280 1
-22 5 335336 1
-22 6 665920 1
-22 7 660304 -1
-22 8 326912 1
-22 9 323240 1
-22 10 638272 1
-22 11 125840 1
-22 12 309632 -1
-22 13 304232 -1
-22 14 119360 1
-22 15 11024 -1
-22 16 285440 1
-22 17 278312 -1
-22 18 541504 -1
-22 19 525520 -1
-22 20 254336 1
-22 21 12920 -1
-22 22 472384 -1
-22 23 452944 1
-22 24 16640 -1
-22 25 205736 -1
-22 26 389440 1
-22 27 366544 1
-22 28 171392 1
-22 29 159080 1
-22 30 292672 -1
-22 31 266320 -1
-22 32 119552 1
-22 33 105512 -1
-22 34 182080 -1
-22 35 152272 -1
-22 36 12160 -1
-22 37 45032 1
-22 38 57664 -1
-22 39 4880 1
-22 40 4864 1
-22 41 22360 1
-22 42 80576 -1
-22 43 117296 1
-22 44 77440 1
-22 45 96664 1
-22 46 232640 -1
-22 47 16048 1
-22 48 156928 -1
-22 49 177880 1
-21 -49 63504 -1
-21 -48 201312 -1
-21 -47 1116 1
-21 -46 321408 -1
-21 -45 94032 1
-21 -44 121824 1
-21 -43 5724 1
-21 -42 169344 1
-21 -41 133488 -1
-21 -40 49248 1
-21 -39 16092 -1
-21 -38 3456 1
-21 -37 1296 1
-21 -36 5472 1
-21 -35 15876 -1
-21 -34 1152 1
-21 -33 122256 1
-21 -32 75168 1
-21 -31 44388 -1
-21 -30 203904 -1
-21 -29 25488 1
-21 -28 127008 1
-21 -27 23148 -1
-21 -26 300672 1
-21 -25 35856 -1
-21 -24 171936 1
-21 -23 91044 -1
-21 -22 383616 -1
-21 -21 402192 1
-21 -20 288 -1
-21 -19 109188 1
-21 -18 150912 -1
-21 -17 24624 1
-21 -16 26784 1
-21 -15 123876 1
-21 -14 508032 1
-21 -13 519696 -1
-21 -12 265248 1
-21 -11 15012 1
-21 -10 549504 -1
-21 -9 185904 1
-21 -8 282528 1
-21 -7 1764 1
-21 -6 577152 -1
-21 -5 581904 1
-21 -4 292896 1
-21 -3 147204 1
-21 -2 65664 -1
-21 -1 592272 -1
-21 0 14112 -1
-21 1 148068 -1
-21 2 65664 -1
-21 3 588816 1
-21 4 292896 -1
-21 5 145476 1
-21 6 577152 -1
-21 7 7056 1
-21 8 282528 1
-21 9 46476 -1
-21 10 549504 -1
-21 11 60048 1
-21 12 265248 -1
-21 13 129924 -1
-21 14 508032 1
-21 15 495504 1
-21 16 26784 1
-21 17 6156 -1
-21 18 150912 1
-21 19 436752 1
-21 20 288 1
-21 21 100548 1
-21 22 383616 -1
-21 23 364176 -1
-21 24 171936 1
-21 25 8964 -1
-21 26 300672 1
-21 27 92592 1
-21 28 127008 -1
-21 29 6372 1
-21 30 203904 -1
-21 31 177552 -1
-21 32 75168 1
-21 33 30564 1
-21 34 1152 1
-21 35 63504 -1
-21 36 5472 1
-21 37 324 1
-21 38 3456 -1
-21 39 64368 1
-21 40 49248 -1
-21 41 33372 1
-21 42 169344 -1
-21 43 22896 -1
-21 44 121824 1
-21 45 23508 1
-21 46 321408 1
-21 47 4464 -1
-21 48 201312 1
-21 49 15876 -1
-20 -49 525232 -1
-20 -48 7552 1
-20 -47 110572 -1
-20 -46 402112 1
-20 -45 362800 -1
-20 -44 10136 -1
-20 -43 71692 -1
-20 -42 250048 -1
-20 -41 214192 -1
-20 -40 11200 1
-20 -39 36268 1
-20 -38 111808 1
-20 -37 79408 1
-20 -36 2992 1
-20 -35 4300 1
-20 -34 12608 -1
-20 -33 5936 1
-20 -32 1088 -1
-20 -31 24212 -1
-20 -30 123200 1
-20 -29 148688 -1
-20 -28 5416 -1
-20 -27 49268 -1
-20 -26 219968 1
-20 -25 4400 1
-20 -24 16448 1
-20 -23 70868 -1
-20 -22 302912 -1
-20 -21 321488 1
-20 -20 21200 -1
-20 -19 5236 1
-20 -18 372032 1
-20 -17 387152 1
-20 -16 896 -1
-20 -15 103700 1
-20 -14 427328 -1
-20 -13 438992 1
-20 -12 14056 -1
-20 -11 114932 1
-20 -10 468800 -1
-20 -9 477008 1
-20 -8 30272 -1
-20 -7 122708 1
-20 -6 496448 1
-20 -5 501200 -1
-20 -4 31568 1
-20 -3 127028 -1
-20 -2 510272 1
-20 -1 511568 -1
-20 0 1600 -1
-20 1 127892 -1
-20 2 510272 -1
-20 3 508112 -1
-20 4 15784 1
-20 5 125300 -1
-20 6 496448 -1
-20 7 490832 1
-20 8 30272 1
-20 9 119252 1
-20 10 468800 1
-20 11 459728 1
-20 12 28112 1
-20 13 109748 1
-20 14 427328 1
-20 15 414800 1
-20 16 896 -1
-20 17 96788 1
-20 18 372032 -1
-20 19 20944 1
-20 20 10600 1
-20 21 80372 1
-20 22 302912 1
-20 23 283472 -1
-20 24 16448 -1
-20 25 1100 -1
-20 26 219968 -1
-20 27 197072 -1
-20 28 10832 -1
-20 29 37172 -1
-20 30 123200 -1
-20 31 96848 -1
-20 32 1088 -1
-20 33 1484 -1
-20 34 12608 1
-20 35 17200 -1
-20 36 1496 -1
-20 37 19852 -1
-20 38 111808 1
-20 39 145072 -1
-20 40 11200 1
-20 41 53548 1
-20 42 250048 -1
-20 43 286768 1
-20 44 20272 -1
-20 45 90700 1
-20 46 402112 1
-20 47 442288 1
-20 48 7552 1
-20 49 131308 1
-19 -49 299128 1
-19 -48 556352 1
-19 -47 515312 1
-19 -46 464 1
-19 -45 217912 1
-19 -44 397376 1
-19 -43 359792 -1
-19 -42 20192 1
-19 -41 143608 -1
-19 -40 252224 -1
-19 -39 218096 -1
-19 -38 11552 -1
-19 -37 76216 1
-19 -36 120896 -1
-19 -35 90224 1
-19 -34 472 1
-19 -33 15736 -1
-19 -32 3392 1
-19 -31 23824 1
-19 -30 112 1
-19 -29 37832 1
-19 -28 100288 1
-19 -27 124048 1
-19 -26 9184 1
-19 -25 84488 -1
-19 -24 190144 1
-19 -23 210448 1
-19 -22 14368 -1
-19 -21 124232 -1
-19 -20 266176 1
-19 -19 40432 1
-19 -18 73 1
-19 -17 157064 -1
-19 -16 328384 -1
-19 -15 341776 -1
-19 -14 2768 1
-19 -13 182984 -1
-19 -12 12992 -1
-19 -11 386704 -1
-19 -10 24736 1
-19 -9 201992 -1
-19 -8 411328 -1
-19 -7 417808 -1
-19 -6 26464 1
-19 -5 214088 1
-19 -4 432064 -1
-19 -3 435088 -1
-19 -2 3416 -1
-19 -1 219272 1
-19 0 23104 1
-19 1 438544 1
-19 2 6832 1
-19 3 217544 1
-19 4 432064 1
-19 5 428176 -1
-19 6 26464 1
-19 7 208904 -1
-19 8 411328 1
-19 9 403984 -1
-19 10 24736 1
-19 11 193352 1
-19 12 12992 1
-19 13 365968 1
-19 14 1384 1
-19 15 170888 -1
-19 16 328384 1
-19 17 314128 -1
-19 18 1168 -1
-19 19 20216 1
-19 20 266176 -1
-19 21 248464 1
-19 22 14368 -1
-19 23 105224 1
-19 24 190144 -1
-19 25 168976 -1
-19 26 9184 1
-19 27 62024 -1
-19 28 100288 -1
-19 29 75664 -1
-19 30 56 1
-19 31 11912 1
-19 32 3392 1
-19 33 31472 1
-19 34 944 1
-19 35 45112 1
-19 36 120896 -1
-19 37 152432 1
-19 38 11552 1
-19 39 109048 1
-19 40 252224 -1
-19 41 287216 1
-19 42 20192 -1
-19 43 179896 -1
-19 44 397376 1
-19 45 435824 1
-19 46 58 -1
-19 47 257656 -1
-19 48 556352 1
-19 49 598256 -1
-18 -49 663984 1
-18 -48 311040 -1
-18 -47 290520 -1
-18 -46 180288 -1
-18 -45 55728 1
-18 -44 77184 1
-18 -43 212760 -1
-18 -42 77760 1
-18 -41 352944 1
-18 -40 158976 -1
-18 -39 141912 -1
-18 -38 250560 -1
-18 -37 72720 1
-18 -36 10368 -1
-18 -35 1368 1
-18 -34 126144 -1
-18 -33 19440 1
-18 -32 34560 -1
-18 -31 20952 -1
-18 -30 15552 -1
-18 -29 9936 1
-18 -28 5760 1
-18 -27 360 -1
-18 -26 27072 1
-18 -25 103248 -1
-18 -24 62208 -1
-18 -23 72360 -1
-18 -22 164160 -1
-18 -21 182736 -1
-18 -20 100224 1
-18 -19 36216 -1
-18 -18 25920 -1
-18 -17 16560 1
-18 -16 131328 -1
-18 -15 138024 1
-18 -14 288576 -1
-18 -13 300240 1
-18 -12 155520 -1
-18 -11 160488 -1
-18 -10 110016 -1
-18 -9 37584 1
-18 -8 11520 -1
-18 -7 176040 1
-18 -6 357696 1
-18 -5 362448 -1
-18 -4 183168 -1
-18 -3 184680 -1
-18 -2 371520 -1
-18 -1 124272 -1
-18 0 2304 1
-18 1 62136 1
-18 2 371520 -1
-18 3 369360 1
-18 4 183168 -1
-18 5 181224 1
-18 6 357696 1
-18 7 352080 1
-18 8 11520 1
-18 9 18792 1
-18 10 110016 1
-18 11 320976 1
-18 12 155520 -1
-18 13 150120 -1
-18 14 288576 -1
-18 15 276048 1
-18 16 131328 -1
-18 17 8280 -1
-18 18 25920 -1
-18 19 72432 -1
-18 20 100224 1
-18 21 91368 1
-18 22 164160 -1
-18 23 144720 -1
-18 24 62208 -1
-18 25 51624 -1
-18 26 27072 -1
-18 27 720 1
-18 28 5760 -1
-18 29 4968 -1
-18 30 15552 1
-18 31 41904 1
-18 32 34560 1
-18 33 9720 -1
-18 34 126144 1
-18 35 2736 1
-18 36 10368 1
-18 37 36360 -1
-18 38 250560 1
-18 39 283824 1
-18 40 158976 1
-18 41 176472 -1
-18 42 77760 -1
-18 43 425520 -1
-18 44 77184 1
-18 45 27864 1
-18 46 180288 -1
-18 47 581040 1
-18 48 311040 1
-18 49 331992 -1
-17 -49 144560 -1
-17 -48 340448 1
-17 -47 159964 -1
-17 -46 599680 1
-17 -45 560368 1
-17 -44 260960 -1
-17 -43 121084 -1
-17 -42 447616 -1
-17 -41 411760 -1
-17 -40 6496 -1
-17 -39 85660 -1
-17 -38 309376 1
-17 -37 276976 -1
-17 -36 122720 -1
-17 -35 53692 1
-17 -34 184960 -1
-17 -33 22288 -1
-17 -32 63968 -1
-17 -31 25180 -1
-17 -30 74368 -1
-17 -29 48880 1
-17 -28 12128 -1
-17 -27 124 1
-17 -26 4480 1
-17 -25 44432 1
-17 -24 6560 -1
-17 -23 21476 -1
-17 -22 105344 1
-17 -21 123920 -1
-17 -20 70816 -1
-17 -19 39620 1
-17 -18 174464 1
-17 -17 189584 -1
-17 -16 14560 1
-17 -15 54308 1
-17 -14 229760 -1
-17 -13 241424 -1
-17 -12 126112 -1
-17 -11 65540 -1
-17 -10 271232 -1
-17 -9 279440 1
-17 -8 143392 -1
-17 -7 73316 -1
-17 -6 298880 -1
-17 -5 303632 1
-17 -4 4960 -1
-17 -3 77636 1
-17 -2 312704 1
-17 -1 12560 -1
-17 0 9248 1
-17 1 3140 -1
-17 2 312704 1
-17 3 310544 1
-17 4 4960 -1
-17 5 75908 1
-17 6 298880 -1
-17 7 293264 -1
-17 8 143392 -1
-17 9 69860 1
-17 10 271232 -1
-17 11 262160 -1
-17 12 126112 1
-17 13 60356 -1
-17 14 229760 -1
-17 15 217232 1
-17 16 14560 -1
-17 17 47396 -1
-17 18 174464 1
-17 19 158480 1
-17 20 70816 1
-17 21 30980 -1
-17 22 105344 1
-17 23 85904 -1
-17 24 6560 -1
-17 25 11108 1
-17 26 4480 1
-17 27 496 -1
-17 28 12128 -1
-17 29 12220 -1
-17 30 74368 1
-17 31 100720 1
-17 32 63968 1
-17 33 5572 -1
-17 34 184960 1
-17 35 214768 -1
-17 36 122720 -1
-17 37 69244 1
-17 38 309376 -1
-17 39 342640 1
-17 40 6496 1
-17 41 102940 1
-17 42 447616 1
-17 43 484336 1
-17 44 260960 -1
-17 45 140092 -1
-17 46 599680 -1
-17 47 639856 1
-17 48 340448 -1
-17 49 36140 1
-16 -49 775088 1
-16 -48 179 1
-16 -47 173036 1
-16 -46 651968 1
-16 -45 10384 1
-16 -44 8972 -1
-16 -43 134156 1
-16 -42 499904 -1
-16 -41 464048 -1
-16 -40 26816 1
-16 -39 98732 -1
-16 -38 361664 -1
-16 -37 329264 1
-16 -36 18608 -1
-16 -35 66764 -1
-16 -34 237248 -1
-16 -33 208304 1
-16 -32 704 1
-16 -31 38252 1
-16 -30 126656 -1
-16 -29 101168 -1
-16 -28 1196 1
-16 -27 13196 -1
-16 -26 29888 1
-16 -25 7856 -1
-16 -24 832 1
-16 -23 8404 -1
-16 -22 53056 1
-16 -21 6512 1
-16 -20 5584 1
-16 -19 26548 1
-16 -18 122176 1
-16 -17 137296 1
-16 -16 592 1
-16 -15 3172 -1
-16 -14 177472 -1
-16 -13 189136 1
-16 -12 3124 -1
-16 -11 52468 -1
-16 -10 218944 1
-16 -9 227152 1
-16 -8 14656 -1
-16 -7 60244 1
-16 -6 246592 1
-16 -5 251344 -1
-16 -4 15952 1
-16 -3 64564 1
-16 -2 260416 1
-16 -1 261712 -1
-16 1 65428 -1
-16 2 260416 -1
-16 3 258256 1
-16 4 3988 1
-16 5 62836 -1
-16 6 246592 -1
-16 7 240976 1
-16 8 14656 1
-16 9 56788 1
-16 10 218944 -1
-16 11 209872 -1
-16 12 12496 -1
-16 13 47284 1
-16 14 177472 1
-16 15 12688 -1
-16 16 37 -1
-16 17 34324 1
-16 18 122176 -1
-16 19 106192 1
-16 20 1396 1
-16 21 1628 -1
-16 22 53056 -1
-16 23 33616 -1
-16 24 832 -1
-16 25 1964 1
-16 26 29888 1
-16 27 52784 1
-16 28 4784 -1
-16 29 25292 1
-16 30 126656 -1
-16 31 153008 -1
-16 32 704 1
-16 33 52076 -1
-16 34 237248 -1
-16 35 267056 1
-16 36 4652 1
-16 37 82316 -1
-16 38 361664 -1
-16 39 394928 1
-16 40 26816 1
-16 41 116012 1
-16 42 499904 -1
-16 43 536624 -1
-16 44 35888 1
-16 45 2596 1
-16 46 651968 1
-16 47 692144 -1
-16 48 2864 1
-16 49 193772 -1
-15 -49 136872 -1
-15 -48 779328 -1
-15 -47 738288 -1
-15 -46 21816 -1
-15 -45 109800 -1
-15 -44 620352 -1
-15 -43 582768 -1
-15 -42 8532 -1
-15 -41 85032 -1
-15 -40 158400 1
-15 -39 441072 -1
-15 -38 25488 -1
-15 -37 187704 -1
-15 -36 114624 1
-15 -35 313200 1
-15 -34 17712 1
-15 -33 127224 1
-15 -32 75456 1
-15 -31 66384 -1
-15 -30 5400 1
-15 -29 73656 1
-15 -28 122688 -1
-15 -27 32976 -1
-15 -26 1188 -1
-15 -25 5400 -1
-15 -24 32832 1
-15 -23 4176 1
-15 -22 144 1
-15 -21 12744 -1
-15 -20 43200 1
-15 -19 60048 -1
-15 -18 1584 -1
-15 -17 45576 -1
-15 -16 105408 1
-15 -15 118800 1
-15 -14 1368 -1
-15 -13 23832 1
-15 -12 153792 -1
-15 -11 163728 -1
-15 -10 2700 -1
-15 -9 30168 -1
-15 -8 188352 -1
-15 -7 194832 1
-15 -6 12528 -1
-15 -5 34200 -1
-15 -4 6336 1
-15 -3 212112 -1
-15 -2 13392 -1
-15 -1 107784 -1
-15 0 14400 -1
-15 1 215568 1
-15 2 6696 -1
-15 3 106056 -1
-15 4 6336 -1
-15 5 68400 1
-15 6 3132 1
-15 7 97416 -1
-15 8 188352 1
-15 9 60336 -1
-15 10 10800 1
-15 11 81864 -1
-15 12 153792 1
-15 13 47664 -1
-15 14 2736 -1
-15 15 59400 -1
-15 16 105408 -1
-15 17 91152 1
-15 18 792 -1
-15 19 30024 -1
-15 20 43200 -1
-15 21 25488 -1
-15 22 36 1
-15 23 2088 -1
-15 24 32832 1
-15 25 10800 -1
-15 26 4752 -1
-15 27 16488 -1
-15 28 122688 -1
-15 29 147312 -1
-15 30 10800 -1
-15 31 33192 1
-15 32 75456 -1
-15 33 254448 1
-15 34 8856 -1
-15 35 156600 -1
-15 36 114624 -1
-15 37 375408 1
-15 38 6372 -1
-15 39 220536 -1
-15 40 158400 -1
-15 41 170064 1
-15 42 34128 -1
-15 43 291384 1
-15 44 620352 -1
-15 45 219600 -1
-15 46 43632 -1
-15 47 369144 -1
-15 48 779328 -1
-15 49 273744 1
-14 -49 123088 1
-14 -48 409856 -1
-14 -47 389336 1
-14 -46 738496 -1
-14 -45 699184 1
-14 -44 330368 1
-14 -43 311576 1
-14 -42 586432 1
-14 -41 550576 -1
-14 -40 257792 1
-14 -39 240728 1
-14 -38 448192 -1
-14 -37 415792 -1
-14 -36 192128 1
-14 -35 176792 1
-14 -34 323776 1
-14 -33 294832 1
-14 -32 133376 1
-14 -31 119768 1
-14 -30 213184 1
-14 -29 187696 1
-14 -28 81536 -1
-14 -27 69656 -1
-14 -26 116416 1
-14 -25 94384 1
-14 -24 36608 1
-14 -23 26456 1
-14 -22 33472 -1
-14 -21 14896 -1
-14 -20 1408 -1
-14 -19 9832 1
-14 -18 35648 1
-14 -17 50768 1
-14 -16 32512 -1
-14 -15 3016 1
-14 -14 90944 -1
-14 -13 9328 1
-14 -12 56704 -1
-14 -11 61672 1
-14 -10 132416 1
-14 -9 140624 1
-14 -8 4352 1
-14 -7 77224 -1
-14 -6 160064 1
-14 -5 164816 1
-14 -4 84352 1
-14 -3 85864 1
-14 -2 173888 1
-14 -1 175184 1
-14 0 12544 -1
-14 1 87592 1
-14 2 173888 1
-14 3 171728 -1
-14 4 84352 -1
-14 5 82408 -1
-14 6 160064 1
-14 7 154448 -1
-14 8 4352 -1
-14 9 70312 1
-14 10 132416 1
-14 11 123344 -1
-14 12 56704 1
-14 13 4664 1
-14 14 90944 -1
-14 15 6032 1
-14 16 32512 1
-14 17 25384 1
-14 18 35648 1
-14 19 19664 -1
-14 20 1408 1
-14 21 7448 -1
-14 22 33472 1
-14 23 52912 -1
-14 24 36608 1
-14 25 47192 -1
-14 26 116416 -1
-14 27 139312 -1
-14 28 81536 -1
-14 29 93848 1
-14 30 213184 -1
-14 31 239536 -1
-14 32 133376 1
-14 33 147416 -1
-14 34 323776 -1
-14 35 353584 1
-14 36 192128 1
-14 37 207896 -1
-14 38 448192 1
-14 39 481456 -1
-14 40 257792 1
-14 41 275288 1
-14 42 586432 -1
-14 43 623152 1
-14 44 330368 1
-14 45 349592 1
-14 46 738496 1
-14 47 778672 -1
-14 48 409856 -1
-14 49 61544 1
-13 -49 896624 1
-13 -48 427360 -1
-13 -47 203420 -1
-13 -46 773504 1
-13 -45 734192 -1
-13 -44 347872 1
-13 -43 164540 1
-13 -42 621440 1
-13 -41 585584 -1
-13 -40 275296 1
-13 -39 129116 1
-13 -38 96640 -1
-13 -37 12880 1
-13 -36 209632 -1
-13 -35 97148 -1
-13 -34 358784 1
-13 -33 329840 1
-13 -32 150880 -1
-13 -31 68636 -1
-13 -30 248192 1
-13 -29 222704 -1
-13 -28 99040 1
-13 -27 43580 -1
-13 -26 151424 1
-13 -25 129392 1
-13 -24 54112 -1
-13 -23 21980 1
-13 -22 68480 1
-13 -21 49904 -1
-13 -20 16096 1
-13 -19 3836 1
-13 -18 640 -1
-13 -17 15760 1
-13 -16 15008 1
-13 -15 10852 1
-13 -14 55936 -1
-13 -13 13520 1
-13 -12 1120 1
-13 -11 22084 1
-13 -10 97408 1
-13 -9 105616 -1
-13 -8 56480 1
-13 -7 29860 -1
-13 -6 125056 -1
-13 -5 129808 1
-13 -4 66848 1
-13 -3 34180 1
-13 -2 138880 -1
-13 -1 140176 -1
-13 0 5408 1
-13 1 35044 -1
-13 2 138880 -1
-13 3 136720 1
-13 4 66848 -1
-13 5 32452 1
-13 6 125056 -1
-13 7 119440 -1
-13 8 56480 1
-13 9 26404 -1
-13 10 97408 1
-13 11 88336 1
-13 12 1120 1
-13 13 3380 1
-13 14 55936 -1
-13 15 43408 1
-13 16 15008 1
-13 17 3940 1
-13 18 640 -1
-13 19 15344 -1
-13 20 16096 1
-13 21 12476 1
-13 22 68480 -1
-13 23 87920 -1
-13 24 54112 1
-13 25 32348 -1
-13 26 151424 -1
-13 27 174320 1
-13 28 99040 1
-13 29 55676 1
-13 30 248192 -1
-13 31 274544 1
-13 32 150880 1
-13 33 82460 -1
-13 34 358784 -1
-13 35 388592 1
-13 36 209632 -1
-13 37 3220 1
-13 38 96640 1
-13 39 516464 -1
-13 40 275296 -1
-13 41 146396 1
-13 42 621440 -1
-13 43 658160 -1
-13 44 347872 1
-13 45 183548 1
-13 46 773504 -1
-13 47 813680 1
-13 48 427360 1
-13 49 224156 -1
-12 -49 926640 1
-12 -48 1728 1
-12 -47 23436 1
-12 -46 803520 1
-12 -45 254736 -1
-12 -44 22680 -1
-12 -43 2124 -1
-12 -42 651456 1
-12 -41 123120 1
-12 -40 36288 -1
-12 -39 136620 -1
-12 -38 6336 -1
-12 -37 480816 1
-12 -36 9360 1
-12 -35 104652 1
-12 -34 8640 -1
-12 -33 51408 -1
-12 -32 2592 1
-12 -31 76140 1
-12 -30 278208 -1
-12 -29 28080 -1
-12 -28 7128 1
-12 -27 17028 1
-12 -26 181440 -1
-12 -25 17712 -1
-12 -24 8640 1
-12 -23 29484 -1
-12 -22 98496 1
-12 -21 79920 -1
-12 -20 432 1
-12 -19 11340 -1
-12 -18 9792 1
-12 -17 14256 1
-12 -15 3348 -1
-12 -14 25920 1
-12 -13 37584 -1
-12 -12 1512 -1
-12 -11 180 1
-12 -10 67392 1
-12 -9 5040 1
-12 -8 5184 -1
-12 -7 2484 -1
-12 -6 95040 -1
-12 -5 99792 -1
-12 -4 6480 1
-12 -3 26676 -1
-12 -2 12096 -1
-12 -1 110160 -1
-12 0 288 -1
-12 1 27540 -1
-12 2 12096 1
-12 3 106704 -1
-12 4 3240 -1
-12 5 24948 -1
-12 6 95040 1
-12 7 9936 -1
-12 8 5184 1
-12 9 1260 -1
-12 10 67392 -1
-12 11 720 1
-12 12 3024 -1
-12 13 9396 -1
-12 14 25920 -1
-12 15 13392 -1
-12 17 3564 -1
-12 18 9792 -1
-12 19 45360 1
-12 20 216 -1
-12 21 19980 1
-12 22 98496 1
-12 23 117936 1
-12 24 8640 1
-12 25 4428 1
-12 26 181440 -1
-12 27 68112 1
-12 28 14256 1
-12 29 7020 1
-12 30 278208 -1
-12 31 304560 -1
-12 32 2592 -1
-12 33 12852 -1
-12 34 8640 -1
-12 35 418608 -1
-12 36 4680 -1
-12 37 120204 -1
-12 38 6336 -1
-12 39 546480 1
-12 40 36288 -1
-12 41 30780 -1
-12 42 651456 1
-12 43 8496 1
-12 44 45360 1
-12 45 63684 -1
-12 46 803520 1
-12 47 93744 -1
-12 48 1728 -1
-12 49 231660 -1
-11 -49 476024 -1
-11 -48 910144 1
-11 -47 869104 -1
-11 -46 51808 -1
-11 -45 394808 1
-11 -44 751168 -1
-11 -43 713584 -1
-11 -42 5288 1
-11 -41 320504 -1
-11 -40 606016 1
-11 -39 571888 -1
-11 -38 4208 1
-11 -37 253112 1
-11 -36 474688 1
-11 -35 444016 1
-11 -34 25888 -1
-11 -33 192632 -1
-11 -32 357184 -1
-11 -31 329968 1
-11 -30 18976 -1
-11 -29 139064 1
-11 -28 253504 1
-11 -27 229744 1
-11 -26 808 1
-11 -25 92408 1
-11 -24 163648 -1
-11 -23 8432 1
-11 -22 1936 1
-11 -21 52664 -1
-11 -20 2368 1
-11 -19 70768 1
-11 -18 3424 1
-11 -17 19832 1
-11 -16 25408 1
-11 -15 12016 -1
-11 -14 32 1
-11 -13 6088 -1
-11 -12 22976 -1
-11 -11 32912 -1
-11 -10 328 -1
-11 -9 25096 -1
-11 -8 57536 -1
-11 -7 64016 -1
-11 -6 272 -1
-11 -5 37192 1
-11 -4 78272 -1
-11 -3 81296 1
-11 -2 5216 -1
-11 -1 42376 -1
-11 0 7744 1
-11 1 84752 -1
-11 2 5216 -1
-11 3 40648 -1
-11 4 78272 1
-11 5 74384 -1
-11 6 17 1
-11 7 32008 -1
-11 8 57536 1
-11 9 50192 -1
-11 10 656 -1
-11 11 16456 1
-11 12 22976 1
-11 13 12176 1
-11 14 32 1
-11 15 6008 1
-11 16 25408 1
-11 17 39664 -1
-11 18 3424 -1
-11 19 35384 1
-11 20 2368 1
-11 21 105328 -1
-11 22 968 -1
-11 23 4216 -1
-11 24 163648 -1
-11 25 184816 -1
-11 26 1616 -1
-11 27 114872 1
-11 28 253504 1
-11 29 278128 1
-11 30 18976 1
-11 31 164984 -1
-11 32 357184 -1
-11 33 385264 1
-11 34 25888 1
-11 35 222008 1
-11 36 474688 1
-11 37 506224 1
-11 38 2104 1
-11 39 285944 1
-11 40 606016 1
-11 41 641008 1
-11 42 10576 -1
-11 43 356792 -1
-11 44 751168 -1
-11 45 789616 1
-11 46 51808 1
-11 47 434552 1
-11 48 910144 1
-11 49 952048 1
-10 -49 973232 -1
-10 -48 465664 1
-10 -47 445144 1
-10 -46 850112 -1
-10 -45 810800 -1
-10 -44 386176 1
-10 -43 367384 1
-10 -42 698048 -1
-10 -41 662192 1
-10 -40 44800 1
-10 -39 296536 -1
-10 -38 559808 1
-10 -37 527408 1
-10 -36 247936 1
-10 -35 232600 -1
-10 -34 435392 1
-10 -33 406448 -1
-10 -32 189184 -1
-10 -31 175576 -1
-10 -30 324800 -1
-10 -29 299312 1
-10 -28 137344 -1
-10 -27 125464 -1
-10 -26 228032 1
-10 -25 41200 -1
-10 -24 4864 -1
-10 -23 82264 -1
-10 -22 145088 1
-10 -21 126512 -1
-10 -20 54400 -1
-10 -19 45976 -1
-10 -18 75968 -1
-10 -17 60848 -1
-10 -16 23296 -1
-10 -15 16600 -1
-10 -14 20672 -1
-10 -13 9008 1
-10 -12 896 -1
-10 -11 5864 -1
-10 -10 20800 -1
-10 -9 4144 1
-10 -8 18176 1
-10 -7 21416 1
-10 -6 48448 1
-10 -5 53200 -1
-10 -4 28544 1
-10 -3 1768 -1
-10 -2 62272 -1
-10 -1 63568 1
-10 0 6400 -1
-10 1 31784 1
-10 2 62272 -1
-10 3 3536 1
-10 4 28544 1
-10 5 26600 1
-10 6 48448 1
-10 7 42832 1
-10 8 18176 1
-10 9 2072 -1
-10 10 20800 -1
-10 11 11728 1
-10 12 896 -1
-10 13 4504 1
-10 14 20672 1
-10 15 33200 1
-10 16 23296 1
-10 17 30424 1
-10 18 75968 1
-10 19 91952 -1
-10 20 54400 1
-10 21 63256 -1
-10 22 145088 -1
-10 23 164528 1
-10 24 4864 -1
-10 25 20600 1
-10 26 228032 -1
-10 27 250928 -1
-10 28 137344 1
-10 29 149656 1
-10 30 324800 1
-10 31 351152 1
-10 32 189184 1
-10 33 203224 1
-10 34 435392 -1
-10 35 465200 -1
-10 36 247936 -1
-10 37 263704 1
-10 38 559808 -1
-10 39 593072 1
-10 40 44800 1
-10 41 331096 -1
-10 42 698048 1
-10 43 734768 1
-10 44 386176 -1
-10 45 405400 -1
-10 46 850112 1
-10 47 890288 -1
-10 48 465664 -1
-10 49 486616 1
-9 -49 990576 -1
-9 -48 474336 -1
-9 -47 226908 -1
-9 -46 289152 -1
-9 -45 92016 -1
-9 -44 131616 -1
-9 -43 188028 1
-9 -42 715392 -1
-9 -41 61776 -1
-9 -40 322272 -1
-9 -39 152604 1
-9 -38 577152 -1
-9 -37 181584 -1
-9 -36 28512 1
-9 -35 40212 -1
-9 -34 452736 -1
-9 -33 423792 1
-9 -32 197856 1
-9 -31 92124 -1
-9 -30 342144 -1
-9 -29 316656 1
-9 -28 3744 1
-9 -27 828 -1
-9 -26 81792 1
-9 -25 223344 -1
-9 -24 101088 1
-9 -23 45468 -1
-9 -22 162432 1
-9 -21 143856 1
-9 -20 63072 -1
-9 -19 9108 -1
-9 -18 10368 -1
-9 -17 26064 -1
-9 -16 31968 -1
-9 -15 12636 1
-9 -14 38016 1
-9 -13 26352 -1
-9 -12 7776 -1
-9 -11 1404 1
-9 -10 1152 -1
-9 -9 1296 -1
-9 -8 3168 1
-9 -7 6372 -1
-9 -6 31104 -1
-9 -5 35856 1
-9 -4 19872 -1
-9 -3 10692 -1
-9 -2 44928 1
-9 -1 15408 -1
-9 0 288 1
-9 1 3852 1
-9 2 44928 1
-9 3 42768 -1
-9 4 19872 1
-9 5 8964 1
-9 6 31104 -1
-9 7 25488 -1
-9 8 3168 -1
-9 9 324 -1
-9 10 1152 1
-9 11 5616 -1
-9 12 7776 -1
-9 13 6588 1
-9 14 38016 -1
-9 15 50544 -1
-9 16 31968 1
-9 17 6516 -1
-9 18 10368 1
-9 19 36432 -1
-9 20 63072 -1
-9 21 35964 -1
-9 22 162432 -1
-9 23 181872 1
-9 24 101088 -1
-9 25 55836 1
-9 26 81792 1
-9 27 3312 1
-9 28 3744 -1
-9 29 79164 -1
-9 30 342144 1
-9 31 368496 1
-9 32 197856 -1
-9 33 105948 -1
-9 34 452736 1
-9 35 160848 -1
-9 36 28512 1
-9 37 45396 -1
-9 38 577152 1
-9 39 610416 -1
-9 40 322272 1
-9 41 15444 -1
-9 42 715392 1
-9 43 752112 -1
-9 44 131616 1
-9 45 23004 1
-9 46 289152 -1
-9 47 907632 1
-9 48 474336 1
-9 49 247644 1
-8 -49 1004464 -1
-8 -48 7520 -1
-8 -47 230380 -1
-8 -46 881344 -1
-8 -45 842032 -1
-8 -44 12556 1
-8 -43 7660 1
-8 -42 729280 1
-8 -41 693424 -1
-8 -40 41152 1
-8 -39 156076 1
-8 -38 591040 1
-8 -37 558640 1
-8 -36 32944 -1
-8 -35 124108 -1
-8 -34 466624 1
-8 -33 437680 -1
-8 -32 640 -1
-8 -31 95596 1
-8 -30 356032 1
-8 -29 330544 1
-8 -28 4780 -1
-8 -27 70540 1
-8 -26 259264 1
-8 -25 237232 1
-8 -24 13504 -1
-8 -23 48940 -1
-8 -22 176320 -1
-8 -21 157744 -1
-8 -20 8752 -1
-8 -19 30796 -1
-8 -18 21440 -1
-8 -17 92080 -1
-8 -16 608 -1
-8 -15 16108 1
-8 -14 51904 1
-8 -13 40240 1
-8 -12 460 1
-8 -11 4876 1
-8 -10 10432 1
-8 -9 2224 1
-8 -8 320 1
-8 -7 580 -1
-8 -6 17216 1
-8 -5 21968 1
-8 -4 1616 -1
-8 -3 380 -1
-8 -2 31040 -1
-8 -1 32336 1
-8 0 256 1
-8 1 8084 1
-8 2 31040 1
-8 3 1520 1
-8 4 404 -1
-8 5 5492 1
-8 6 17216 -1
-8 7 2320 -1
-8 8 320 -1
-8 9 556 -1
-8 10 10432 1
-8 11 19504 -1
-8 12 1840 -1
-8 13 10060 -1
-8 14 51904 1
-8 15 64432 -1
-8 16 608 -1
-8 17 23020 1
-8 18 21440 -1
-8 19 123184 1
-8 20 2188 1
-8 21 39436 1
-8 22 176320 -1
-8 23 195760 1
-8 24 13504 -1
-8 25 59308 -1
-8 26 259264 1
-8 27 282160 -1
-8 28 19120 1
-8 29 82636 -1
-8 30 356032 1
-8 31 382384 -1
-8 32 640 -1
-8 33 109420 1
-8 34 466624 1
-8 35 496432 1
-8 36 8236 1
-8 37 139660 -1
-8 38 591040 1
-8 39 624304 -1
-8 40 41152 1
-8 41 173356 1
-8 42 729280 1
-8 43 30640 -1
-8 44 50224 -1
-8 45 210508 1
-8 46 881344 -1
-8 47 921520 1
-8 48 7520 -1
-8 49 251116 1
-7 -49 72520 1
-7 -48 973376 1
-7 -47 932336 -1
-7 -46 55760 1
-7 -45 426424 -1
-7 -44 162880 -1
-7 -43 776816 -1
-7 -42 46256 1
-7 -41 352120 1
-7 -40 669248 -1
-7 -39 635120 1
-7 -38 18808 -1
-7 -37 284728 -1
-7 -36 13120 1
-7 -35 507248 -1
-7 -34 7460 1
-7 -33 224248 -1
-7 -32 420416 1
-7 -31 78640 1
-7 -30 22928 1
-7 -29 170680 -1
-7 -28 316736 1
-7 -27 292976 -1
-7 -26 16880 -1
-7 -25 124024 -1
-7 -24 226880 1
-7 -23 206576 1
-7 -22 5848 1
-7 -21 84280 -1
-7 -20 150848 -1
-7 -19 5360 1
-7 -18 1844 1
-7 -17 51448 1
-7 -16 88640 -1
-7 -15 75248 1
-7 -14 3920 1
-7 -13 25528 1
-7 -12 40256 1
-7 -11 30320 -1
-7 -10 1328 1
-7 -9 6520 -1
-7 -8 5696 1
-7 -7 784 1
-7 -6 40 1
-7 -5 5576 1
-7 -4 15040 1
-7 -3 18064 1
-7 -2 316 -1
-7 -1 10760 1
-7 0 3136 -1
-7 1 21520 -1
-7 2 1264 1
-7 3 9032 1
-7 4 15040 -1
-7 5 11152 1
-7 6 80 1
-7 7 392 -1
-7 8 5696 1
-7 9 13040 -1
-7 10 664 1
-7 11 15160 1
-7 12 40256 1
-7 13 51056 -1
-7 14 980 1
-7 15 37624 1
-7 16 88640 -1
-7 17 102896 1
-7 18 7376 1
-7 19 2680 -1
-7 20 150848 -1
-7 21 168560 1
-7 22 11696 1
-7 23 103288 1
-7 24 226880 1
-7 25 248048 -1
-7 26 8440 1
-7 27 146488 1
-7 28 316736 1
-7 29 341360 1
-7 30 5732 1
-7 31 39320 1
-7 32 420416 1
-7 33 448496 -1
-7 34 29840 1
-7 35 253624 1
-7 36 13120 1
-7 37 569456 1
-7 38 37616 1
-7 39 317560 1
-7 40 669248 -1
-7 41 704240 1
-7 42 23128 1
-7 43 388408 1
-7 44 162880 -1
-7 45 852848 1
-7 46 13940 1
-7 47 466168 -1
-7 48 973376 1
-7 49 145040 -1
-6 -49 341136 1
-6 -48 490752 1
-6 -47 470232 1
-6 -46 900288 1
-6 -45 286992 -1
-6 -44 411264 1
-6 -43 392472 -1
-6 -42 748224 1
-6 -41 237456 1
-6 -40 16128 -1
-6 -39 321624 1
-6 -38 609984 -1
-6 -37 577584 1
-6 -36 91008 1
-6 -35 257688 1
-6 -34 485568 1
-6 -33 456624 -1
-6 -32 71424 1
-6 -31 66888 1
-6 -30 374976 1
-6 -29 349488 -1
-6 -28 162432 1
-6 -27 50184 1
-6 -26 278208 1
-6 -25 256176 -1
-6 -24 117504 -1
-6 -23 35784 -1
-6 -22 65088 1
-6 -21 176688 1
-6 -20 79488 1
-6 -19 71064 1
-6 -18 42048 -1
-6 -17 111024 -1
-6 -16 48384 1
-6 -15 41688 -1
-6 -14 23616 -1
-6 -13 19728 1
-6 -12 24192 -1
-6 -11 19224 -1
-6 -10 29376 1
-6 -9 1008 1
-6 -8 6912 -1
-6 -7 3672 1
-6 -6 1728 1
-6 -5 1008 -1
-6 -4 1152 -1
-6 -3 4968 -1
-6 -2 12096 1
-6 -1 13392 -1
-6 0 2304 -1
-6 1 6696 -1
-6 2 12096 1
-6 3 9936 1
-6 4 1152 -1
-6 5 504 -1
-6 6 1728 -1
-6 7 7344 -1
-6 8 6912 -1
-6 9 504 -1
-6 10 29376 -1
-6 11 38448 -1
-6 12 24192 -1
-6 13 9864 -1
-6 14 23616 -1
-6 15 83376 1
-6 16 48384 1
-6 17 55512 1
-6 18 42048 -1
-6 19 142128 1
-6 20 79488 1
-6 21 88344 1
-6 22 65088 1
-6 23 71568 -1
-6 24 117504 -1
-6 25 128088 1
-6 26 278208 -1
-6 27 100368 -1
-6 28 162432 1
-6 29 174744 -1
-6 30 374976 -1
-6 31 133776 1
-6 32 71424 -1
-6 33 228312 1
-6 34 485568 -1
-6 35 515376 1
-6 36 91008 -1
-6 37 288792 1
-6 38 609984 1
-6 39 643248 -1
-6 40 16128 -1
-6 41 118728 1
-6 42 748224 -1
-6 43 784944 -1
-6 44 411264 1
-6 45 143496 1
-6 46 900288 -1
-6 47 940464 -1
-6 48 490752 1
-6 49 170568 1
-5 -49 1029232 -1
-5 -48 493664 -1
-5 -47 33796 -1
-5 -46 906112 1
-5 -45 866800 -1
-5 -44 9632 1
-5 -43 197692 -1
-5 -42 754048 1
-5 -41 718192 -1
-5 -40 341600 1
-5 -39 162268 1
-5 -38 615808 1
-5 -37 583408 -1
-5 -36 275936 -1
-5 -35 130300 -1
-5 -34 491392 -1
-5 -33 462448 -1
-5 -32 217184 1
-5 -31 101788 -1
-5 -30 380800 1
-5 -29 355312 1
-5 -28 165344 -1
-5 -27 76732 1
-5 -26 284032 -1
-5 -25 52400 1
-5 -24 120416 1
-5 -23 55132 1
-5 -22 201088 -1
-5 -21 182512 -1
-5 -20 82400 1
-5 -19 36988 1
-5 -18 131968 -1
-5 -17 116848 -1
-5 -16 51296 -1
-5 -15 22300 -1
-5 -14 76672 1
-5 -13 65008 -1
-5 -12 2464 1
-5 -11 11068 -1
-5 -10 35200 1
-5 -9 26992 1
-5 -8 9824 1
-5 -7 3292 1
-5 -6 7552 1
-5 -5 2800 1
-5 -4 544 1
-5 -3 1028 -1
-5 -2 896 1
-5 -1 7568 -1
-5 0 800 -1
-5 1 1892 -1
-5 2 896 -1
-5 3 4112 -1
-5 4 544 -1
-5 5 700 -1
-5 6 7552 -1
-5 7 13168 -1
-5 8 9824 -1
-5 9 6748 -1
-5 10 35200 -1
-5 11 44272 1
-5 12 2464 -1
-5 13 16252 1
-5 14 76672 -1
-5 15 89200 1
-5 16 51296 1
-5 17 29212 1
-5 18 131968 1
-5 19 147952 -1
-5 20 82400 1
-5 21 45628 1
-5 22 201088 1
-5 23 220528 -1
-5 24 120416 -1
-5 25 13100 -1
-5 26 284032 1
-5 27 306928 -1
-5 28 165344 -1
-5 29 88828 -1
-5 30 380800 -1
-5 31 407152 1
-5 32 217184 -1
-5 33 115612 1
-5 34 491392 1
-5 35 521200 1
-5 36 275936 -1
-5 37 145852 1
-5 38 615808 -1
-5 39 649072 -1
-5 40 341600 -1
-5 41 179548 1
-5 42 754048 -1
-5 43 790768 1
-5 44 9632 -1
-5 45 216700 1
-5 46 906112 -1
-5 47 135184 -1
-5 48 493664 1
-5 49 257308 1
-4 -49 1033136 1
-4 -48 1408 -1
-4 -47 237548 -1
-4 -46 910016 1
-4 -45 870704 -1
-4 -44 26008 -1
-4 -43 198668 -1
-4 -42 757952 -1
-4 -41 722096 -1
-4 -40 42944 -1
-4 -39 163244 1
-4 -38 619712 1
-4 -37 587312 -1
-4 -36 34736 -1
-4 -35 131276 1
-4 -34 495296 -1
-4 -33 466352 -1
-4 -32 6848 -1
-4 -31 102764 1
-4 -30 384704 -1
-4 -29 359216 -1
-4 -28 10456 1
-4 -27 77708 -1
-4 -26 287936 -1
-4 -25 265904 -1
-4 -24 15296 -1
-4 -23 4316 -1
-4 -22 204992 -1
-4 -21 186416 1
-4 -20 10544 1
-4 -19 37964 -1
-4 -18 135872 -1
-4 -17 120752 -1
-4 -16 1664 1
-4 -15 1012 1
-4 -14 80576 -1
-4 -13 68912 1
-4 -12 1816 -1
-4 -11 12044 -1
-4 -10 39104 -1
-4 -9 30896 -1
-4 -8 1472 1
-4 -7 4268 1
-4 -6 11456 -1
-4 -5 6704 -1
-4 -4 176 1
-4 -3 52 1
-4 -2 2368 -1
-4 -1 3664 1
-4 0 64 1
-4 1 916 1
-4 2 2368 1
-4 3 208 1
-4 4 88 -1
-4 5 1676 1
-4 6 11456 -1
-4 7 17072 -1
-4 8 1472 1
-4 9 7724 1
-4 10 39104 -1
-4 11 48176 1
-4 12 3632 -1
-4 13 17228 -1
-4 14 80576 -1
-4 15 4048 1
-4 16 1664 1
-4 17 30188 1
-4 18 135872 -1
-4 19 151856 1
-4 20 5272 1
-4 21 46604 -1
-4 22 204992 -1
-4 23 17264 1
-4 24 15296 -1
-4 25 66476 1
-4 26 287936 -1
-4 27 310832 1
-4 28 20912 -1
-4 29 89804 1
-4 30 384704 -1
-4 31 411056 -1
-4 32 6848 1
-4 33 116588 1
-4 34 495296 -1
-4 35 525104 -1
-4 36 17368 1
-4 37 146828 1
-4 38 619712 1
-4 39 652976 -1
-4 40 42944 -1
-4 41 180524 1
-4 42 757952 -1
-4 43 794672 1
-4 44 52016 -1
-4 45 217676 1
-4 46 910016 1
-4 47 950192 1
-4 48 1408 1
-4 49 258284 -1
-3 -49 517752 -1
-3 -48 198720 1
-3 -47 15120 -1
-3 -46 14256 -1
-3 -45 145512 1
-3 -44 834624 -1
-3 -43 88560 -1
-3 -42 47520 -1
-3 -41 362232 1
-3 -40 689472 -1
-3 -39 655344 1
-3 -38 4320 1
-3 -37 294840 1
-3 -36 186048 -1
-3 -35 527472 1
-3 -34 216 1
-3 -33 234360 -1
-3 -32 440640 1
-3 -31 413424 1
-3 -30 3024 1
-3 -29 2232 -1
-3 -28 336960 1
-3 -27 20880 -1
-3 -26 18144 -1
-3 -25 1656 1
-3 -24 247104 1
-3 -23 45360 1
-3 -22 12960 1
-3 -21 94392 1
-3 -20 19008 1
-3 -19 154224 -1
-3 -18 360 1
-3 -17 61560 -1
-3 -16 12096 -1
-3 -15 95472 -1
-3 -14 1296 -1
-3 -13 35640 1
-3 -12 60480 -1
-3 -11 5616 -1
-3 -10 2592 -1
-3 -9 5544 -1
-3 -8 25920 1
-3 -7 2160 1
-3 -6 864 1
-3 -5 4536 1
-3 -4 5184 -1
-3 -3 2160 -1
-3 -1 648 -1
-3 0 576 1
-3 1 1296 -1
-3 3 1080 -1
-3 4 5184 -1
-3 5 9072 1
-3 6 864 -1
-3 7 1080 -1
-3 8 25920 1
-3 9 11088 -1
-3 10 2592 1
-3 11 2808 -1
-3 12 60480 -1
-3 13 71280 1
-3 14 648 -1
-3 15 47736 1
-3 16 12096 -1
-3 17 123120 1
-3 18 720 -1
-3 19 77112 -1
-3 20 19008 1
-3 21 188784 1
-3 22 12960 -1
-3 23 22680 -1
-3 24 247104 1
-3 25 3312 -1
-3 26 18144 1
-3 27 10440 1
-3 28 336960 1
-3 29 4464 -1
-3 30 1512 1
-3 31 206712 -1
-3 32 440640 1
-3 33 468720 1
-3 34 432 -1
-3 35 263736 1
-3 36 186048 1
-3 37 589680 1
-3 38 4320 -1
-3 39 327672 -1
-3 40 689472 -1
-3 41 724464 -1
-3 42 47520 1
-3 43 44280 -1
-3 44 834624 -1
-3 45 291024 -1
-3 46 7128 -1
-3 47 7560 -1
-3 48 198720 1
-3 49 1035504 1
-2 -49 1036720 1
-2 -48 497408 1
-2 -47 476888 -1
-2 -46 182720 -1
-2 -45 874288 -1
-2 -44 417920 -1
-2 -43 399128 -1
-2 -42 761536 1
-2 -41 725680 -1
-2 -40 345344 1
-2 -39 328280 -1
-2 -38 623296 -1
-2 -37 590896 1
-2 -36 279680 1
-2 -35 264344 1
-2 -34 498880 -1
-2 -33 469936 1
-2 -32 220928 -1
-2 -31 207320 -1
-2 -30 388288 1
-2 -29 72560 -1
-2 -28 169088 1
-2 -27 157208 1
-2 -26 291520 1
-2 -25 269488 -1
-2 -24 124160 1
-2 -23 114008 -1
-2 -22 208576 -1
-2 -21 1520 -1
-2 -20 86144 1
-2 -19 77720 -1
-2 -18 139456 1
-2 -17 124336 1
-2 -16 55040 1
-2 -15 48344 -1
-2 -14 84160 -1
-2 -13 72496 -1
-2 -12 30848 1
-2 -11 25880 1
-2 -10 42688 1
-2 -9 34480 1
-2 -8 13568 -1
-2 -7 10328 -1
-2 -6 15040 1
-2 -5 10288 1
-2 -4 640 1
-2 -3 1688 -1
-2 -2 1216 1
-2 -1 80 1
-2 0 256 -1
-2 1 40 1
-2 2 1216 -1
-2 3 3376 -1
-2 4 640 -1
-2 5 5144 1
-2 6 15040 -1
-2 7 20656 1
-2 8 13568 1
-2 9 17240 -1
-2 10 42688 -1
-2 11 51760 1
-2 12 30848 -1
-2 13 36248 -1
-2 14 84160 1
-2 15 96688 1
-2 16 55040 -1
-2 17 62168 -1
-2 18 139456 -1
-2 19 155440 -1
-2 20 86144 -1
-2 21 760 -1
-2 22 208576 1
-2 23 228016 1
-2 24 124160 -1
-2 25 134744 1
-2 26 291520 -1
-2 27 314416 1
-2 28 169088 -1
-2 29 36280 -1
-2 30 388288 -1
-2 31 414640 1
-2 32 220928 1
-2 33 234968 -1
-2 34 498880 1
-2 35 528688 1
-2 36 279680 -1
-2 37 295448 1
-2 38 623296 1
-2 39 656560 1
-2 40 345344 -1
-2 41 362840 1
-2 42 761536 -1
-2 43 798256 -1
-2 44 417920 1
-2 45 437144 -1
-2 46 182720 1
-2 47 953776 1
-2 48 497408 -1
-2 49 518360 -1
-1 -49 1037168 1
-1 -48 497632 1
-1 -47 238556 -1
-1 -46 914048 1
-1 -45 874736 -1
-1 -44 418144 1
-1 -43 199676 1
-1 -42 761984 -1
-1 -41 726128 -1
-1 -40 345568 -1
-1 -39 164252 -1
-1 -38 623744 1
-1 -37 591344 -1
-1 -36 279904 1
-1 -35 132284 1
-1 -34 499328 1
-1 -33 470384 1
-1 -32 221152 1
-1 -31 103772 1
-1 -30 388736 -1
-1 -29 363248 -1
-1 -28 169312 -1
-1 -27 78716 -1
-1 -26 291968 -1
-1 -25 269936 1
-1 -24 9568 1
-1 -23 57116 -1
-1 -22 209024 1
-1 -21 190448 1
-1 -20 86368 1
-1 -19 38972 1
-1 -18 139904 -1
-1 -17 124784 -1
-1 -16 55264 -1
-1 -15 24284 -1
-1 -14 84608 -1
-1 -13 72944 -1
-1 -12 31072 -1
-1 -11 13052 -1
-1 -10 43136 -1
-1 -9 34928 -1
-1 -8 13792 -1
-1 -7 5276 1
-1 -6 1408 1
-1 -5 10736 -1
-1 -4 3424 1
-1 -3 956 1
-1 -2 1664 -1
-1 -1 368 1
-1 0 32 1
-1 1 92 -1
-1 2 1664 1
-1 3 3824 -1
-1 4 3424 1
-1 5 2684 1
-1 6 1408 1
-1 7 21104 -1
-1 8 13792 1
-1 9 8732 1
-1 10 43136 1
-1 11 52208 1
-1 12 31072 -1
-1 13 18236 1
-1 14 84608 1
-1 15 97136 1
-1 16 55264 1
-1 17 31196 1
-1 18 139904 1
-1 19 155888 -1
-1 20 86368 1
-1 21 47612 -1
-1 22 209024 -1
-1 23 228464 1
-1 24 9568 -1
-1 25 67484 -1
-1 26 291968 1
-1 27 314864 1
-1 28 169312 -1
-1 29 90812 1
-1 30 388736 1
-1 31 415088 -1
-1 32 221152 -1
-1 33 117596 -1
-1 34 499328 -1
-1 35 529136 -1
-1 36 279904 1
-1 37 147836 1
-1 38 623744 -1
-1 39 657008 1
-1 40 345568 1
-1 41 181532 1
-1 42 761984 1
-1 43 798704 -1
-1 44 418144 1
-1 45 218684 1
-1 46 914048 -1
-1 47 954224 1
-1 48 497632 -1
-1 49 259292 -1
0 -49 21168 -1
0 -48 243 -1
0 -47 238572 1
0 -46 304704 1
0 -45 97200 -1
0 -44 4356 -1
0 -43 199692 -1
0 -42 762048 1
0 -41 726192 1
0 -40 43200 -1
0 -39 164268 1
0 -38 623808 -1
0 -37 197136 1
0 -36 3888 1
0 -35 44100 -1
0 -34 499392 1
0 -33 470448 1
0 -32 1728 1
0 -31 103788 1
0 -30 388800 -1
0 -29 363312 -1
0 -28 1764 -1
0 -27 36 1
0 -26 97344 1
0 -25 10800 -1
0 -24 15552 1
0 -23 57132 -1
0 -22 209088 -1
0 -21 190512 -1
0 -20 10800 -1
0 -19 12996 -1
0 -18 15552 -1
0 -17 41616 1
0 -16 432 1
0 -15 24300 -1
0 -14 84672 1
0 -13 73008 -1
0 -12 972 1
0 -11 13068 1
0 -10 14400 1
0 -9 3888 1
0 -8 576 1
0 -7 5292 -1
0 -6 15552 1
0 -5 10800 1
0 -4 432 -1
0 -3 972 1
0 -2 1728 -1
0 -1 144 1
0 1 36 1
0 2 1728 -1
0 3 3888 -1
0 4 108 1
0 5 2700 -1
0 6 15552 1
0 7 21168 1
0 8 576 -1
0 9 972 -1
0 10 14400 -1
0 11 52272 -1
0 12 3888 -1
0 13 18252 1
0 14 84672 1
0 15 97200 1
0 16 27 1
0 17 10404 1
0 18 15552 -1
0 19 51984 -1
0 20 2700 1
0 21 47628 1
0 22 209088 -1
0 23 228528 1
0 24 15552 1
0 25 2700 1
0 26 97344 -1
0 27 144 1
0 28 7056 -1
0 29 90828 1
0 30 388800 -1
0 31 415152 -1
0 32 1728 1
0 33 117612 -1
0 34 499392 1
0 35 176400 -1
0 36 972 -1
0 37 49284 1
0 38 623808 -1
0 39 657072 -1
0 40 43200 -1
0 41 181548 -1
0 42 762048 1
0 43 798768 1
0 44 17424 -1
0 45 24300 1
0 46 304704 -1
0 47 954288 -1
0 48 3888 -1
0 49 5292 1
1 -49 518648 1
1 -48 995392 1
1 -47 954352 1
1 -46 28568 -1
1 -45 437432 1
1 -44 836416 1
1 -43 798832 -1
1 -42 11908 1
1 -41 363128 1
1 -40 691264 1
1 -39 657136 1
1 -38 38992 -1
1 -37 295736 -1
1 -36 559936 1
1 -35 529264 1
1 -34 31216 1
1 -33 235256 1
1 -32 442432 1
1 -31 415216 -1
1 -30 1736 -1
1 -29 181688 -1
1 -28 338752 1
1 -27 314992 -1
1 -26 4564 1
1 -25 135032 -1
1 -24 248896 -1
1 -23 228592 -1
1 -22 13072 1
1 -21 95288 -1
1 -20 172864 1
1 -19 22288 -1
1 -18 8752 1
1 -17 62456 1
1 -16 110656 -1
1 -15 97264 -1
1 -14 2648 -1
1 -13 36536 1
1 -12 62272 1
1 -11 52336 -1
1 -10 52 1
1 -9 17528 1
1 -8 27712 -1
1 -7 21232 -1
1 -6 976 -1
1 -5 5432 -1
1 -4 6976 -1
1 -3 3952 1
1 -2 112 1
1 -1 248 -1
1 0 64 1
1 1 496 -1
1 2 56 1
1 3 1976 -1
1 4 6976 -1
1 5 10864 1
1 6 244 -1
1 7 10616 -1
1 8 27712 -1
1 9 35056 1
1 10 208 1
1 11 26168 1
1 12 62272 1
1 13 73072 -1
1 14 5296 1
1 15 48632 -1
1 16 110656 -1
1 17 124912 1
1 18 4376 -1
1 19 11144 -1
1 20 172864 1
1 21 190576 1
1 22 3268 1
1 23 114296 -1
1 24 248896 -1
1 25 270064 -1
1 26 18256 1
1 27 157496 1
1 28 338752 1
1 29 363376 1
1 30 3472 1
1 31 207608 -1
1 32 442432 1
1 33 470512 1
1 34 15608 1
1 35 264632 -1
1 36 559936 1
1 37 591472 1
1 38 9748 -1
1 39 328568 1
1 40 691264 1
1 41 726256 1
1 42 47632 1
1 43 399416 1
1 44 836416 1
1 45 874864 -1
1 46 57136 1
1 47 477176 1
1 48 995392 1
1 49 1037296 1
2 -49 1037744 -1
2 -48 497920 1
2 -47 95480 -1
2 -46 914624 1
2 -45 875312 1
2 -44 418432 -1
2 -43 399640 -1
2 -42 762560 1
2 -41 726704 -1
2 -40 345856 1
2 -39 328792 1
2 -38 624320 -1
2 -37 84560 -1
2 -36 280192 -1
2 -35 264856 -1
2 -34 499904 -1
2 -33 16240 1
2 -32 221440 1
2 -31 207832 1
2 -30 389312 -1
2 -29 363824 -1
2 -28 33920 1
2 -27 157720 1
2 -26 292544 1
2 -25 270512 1
2 -24 124672 -1
2 -23 114520 -1
2 -22 41920 1
2 -21 191024 -1
2 -20 86656 1
2 -19 78232 -1
2 -18 140480 -1
2 -17 125360 -1
2 -16 55552 1
2 -15 48856 1
2 -14 704 -1
2 -13 73520 1
2 -12 4480 1
2 -11 26392 -1
2 -10 43712 -1
2 -9 35504 -1
2 -8 14080 1
2 -7 10840 1
2 -6 16064 1
2 -5 11312 1
2 -4 3712 1
2 -3 440 -1
2 -2 2240 -1
2 -1 944 1
2 0 256 1
2 1 472 -1
2 2 2240 1
2 3 880 -1
2 4 3712 1
2 5 5656 1
2 6 16064 -1
2 7 21680 -1
2 8 14080 1
2 9 17752 1
2 10 43712 1
2 11 52784 -1
2 12 4480 -1
2 13 36760 1
2 14 704 1
2 15 97712 -1
2 16 55552 1
2 17 62680 1
2 18 140480 1
2 19 156464 -1
2 20 86656 1
2 21 95512 -1
2 22 41920 -1
2 23 229040 1
2 24 124672 -1
2 25 135256 -1
2 26 292544 -1
2 27 315440 1
2 28 33920 1
2 29 181912 -1
2 30 389312 1
2 31 415664 -1
2 32 221440 1
2 33 8120 -1
2 34 499904 1
2 35 529712 -1
2 36 280192 -1
2 37 42280 1
2 38 624320 1
2 39 657584 -1
2 40 345856 1
2 41 363352 1
2 42 762560 -1
2 43 799280 -1
2 44 418432 -1
2 45 437656 1
2 46 914624 -1
2 47 190960 1
2 48 497920 1
2 49 518872 1
3 -49 346320 -1
3 -48 498528 -1
3 -47 239004 1
3 -46 915840 1
3 -45 292176 1
3 -44 419040 1
3 -43 200124 1
3 -42 763776 1
3 -41 242640 1
3 -40 115488 1
3 -39 32940 1
3 -38 625536 -1
3 -37 593136 1
3 -36 18720 1
3 -35 132732 -1
3 -34 501120 -1
3 -33 472176 1
3 -32 74016 -1
3 -31 34740 1
3 -30 390528 1
3 -29 28080 1
3 -28 170208 1
3 -27 26388 1
3 -26 293760 -1
3 -25 271728 1
3 -24 125280 1
3 -23 19188 1
3 -22 70272 1
3 -21 192240 1
3 -20 87264 -1
3 -19 39420 -1
3 -18 47232 -1
3 -17 126576 -1
3 -16 56160 1
3 -15 24732 1
3 -14 5760 1
3 -13 24912 -1
3 -12 31968 -1
3 -11 540 1
3 -10 44928 -1
3 -9 12240 -1
3 -8 14688 1
3 -7 5724 -1
3 -6 17280 -1
3 -5 4176 -1
3 -4 1440 1
3 -3 1404 -1
3 -2 3456 1
3 -1 2160 1
3 0 288 -1
3 1 540 -1
3 2 3456 -1
3 3 5616 1
3 4 1440 -1
3 5 1044 -1
3 6 17280 1
3 7 22896 1
3 8 14688 -1
3 9 3060 -1
3 10 44928 1
3 11 2160 -1
3 12 31968 -1
3 13 6228 -1
3 14 5760 1
3 15 98928 -1
3 16 56160 -1
3 17 31644 1
3 18 47232 -1
3 19 157680 1
3 20 87264 -1
3 21 48060 -1
3 22 70272 1
3 23 76752 1
3 24 125280 -1
3 25 67932 -1
3 26 293760 1
3 27 105552 1
3 28 170208 1
3 29 7020 -1
3 30 390528 -1
3 31 138960 1
3 32 74016 -1
3 33 118044 -1
3 34 501120 1
3 35 530928 1
3 36 18720 -1
3 37 148284 -1
3 38 625536 1
3 39 131760 -1
3 40 115488 1
3 41 60660 1
3 42 763776 -1
3 43 800496 -1
3 44 419040 1
3 45 73044 1
3 46 915840 -1
3 47 956016 -1
3 48 498528 1
3 49 86580 -1
4 -49 1041328 -1
4 -48 3904 1
4 -47 239596 -1
4 -46 918208 -1
4 -45 878896 -1
4 -44 3752 -1
4 -43 10564 -1
4 -42 766144 -1
4 -41 730288 -1
4 -40 43456 -1
4 -39 5332 1
4 -38 627904 -1
4 -37 595504 1
4 -36 35248 -1
4 -35 133324 -1
4 -34 503488 -1
4 -33 474544 1
4 -32 3488 1
4 -31 104812 -1
4 -30 392896 1
4 -29 367408 1
4 -28 10712 1
4 -27 79756 1
4 -26 296128 1
4 -25 274096 -1
4 -24 15808 -1
4 -23 58156 -1
4 -22 213184 -1
4 -21 194608 1
4 -20 11056 -1
4 -19 40012 1
4 -18 144064 -1
4 -17 128944 1
4 -16 448 -1
4 -15 25324 1
4 -14 88768 1
4 -13 77104 -1
4 -12 2072 -1
4 -11 14092 1
4 -10 47296 -1
4 -9 39088 -1
4 -8 1984 1
4 -7 6316 -1
4 -6 19648 -1
4 -5 2128 1
4 -4 688 -1
4 -3 1996 -1
4 -2 5824 1
4 -1 4528 1
4 0 32 1
4 1 1132 -1
4 2 5824 1
4 3 7984 1
4 4 344 -1
4 5 532 1
4 6 19648 -1
4 7 25264 1
4 8 1984 1
4 9 9772 1
4 10 47296 -1
4 11 56368 -1
4 12 4144 1
4 13 19276 1
4 14 88768 1
4 15 101296 -1
4 16 448 -1
4 17 32236 -1
4 18 144064 -1
4 19 160048 -1
4 20 5528 1
4 21 48652 -1
4 22 213184 -1
4 23 232624 1
4 24 15808 -1
4 25 68524 1
4 26 296128 1
4 27 319024 -1
4 28 21424 1
4 29 91852 -1
4 30 392896 1
4 31 419248 1
4 32 3488 -1
4 33 118636 -1
4 34 503488 -1
4 35 533296 1
4 36 17624 -1
4 37 148876 -1
4 38 627904 -1
4 39 21328 1
4 40 43456 -1
4 41 182572 1
4 42 766144 -1
4 43 42256 -1
4 44 7504 -1
4 45 219724 1
4 46 918208 -1
4 47 958384 1
4 48 3904 -1
4 49 260332 1
5 -49 522616 -1
5 -48 1003328 -1
5 -47 962288 1
5 -46 57632 -1
5 -45 441400 -1
5 -44 844352 1
5 -43 806768 -1
5 -42 94 1
5 -41 367096 -1
5 -40 699200 1
5 -39 665072 -1
5 -38 9872 -1
5 -37 299704 -1
5 -36 567872 1
5 -35 537200 -1
5 -34 31712 1
5 -33 239224 -1
5 -32 450368 -1
5 -31 423152 -1
5 -30 24800 1
5 -29 185656 -1
5 -28 346688 1
5 -27 322928 -1
5 -26 2344 -1
5 -25 27800 1
5 -24 256832 -1
5 -23 236528 -1
5 -22 848 1
5 -21 99256 -1
5 -20 180800 1
5 -19 163952 1
5 -18 544 1
5 -17 3496 1
5 -16 118592 1
5 -15 105200 1
5 -14 5792 -1
5 -13 40504 1
5 -12 70208 1
5 -11 60272 1
5 -10 200 1
5 -9 21496 -1
5 -8 35648 1
5 -7 29168 -1
5 -6 368 -1
5 -5 9400 -1
5 -4 14912 -1
5 -3 11888 -1
5 -2 608 -1
5 -1 4216 1
5 0 1600 -1
5 1 8432 -1
5 2 608 1
5 3 5944 -1
5 4 14912 -1
5 5 18800 -1
5 6 184 1
5 7 14584 1
5 8 35648 1
5 9 42992 1
5 10 400 -1
5 11 30136 1
5 12 70208 1
5 13 81008 1
5 14 5792 1
5 15 52600 -1
5 16 118592 1
5 17 6992 1
5 18 544 -1
5 19 81976 1
5 20 180800 1
5 21 198512 -1
5 22 53 -1
5 23 118264 1
5 24 256832 -1
5 25 55600 -1
5 26 4688 1
5 27 161464 -1
5 28 346688 1
5 29 371312 -1
5 30 24800 -1
5 31 211576 1
5 32 450368 -1
5 33 478448 1
5 34 31712 -1
5 35 268600 -1
5 36 567872 1
5 37 599408 -1
5 38 4936 1
5 39 332536 1
5 40 699200 1
5 41 734192 1
5 42 752 -1
5 43 403384 -1
5 44 844352 1
5 45 882800 -1
5 46 57632 1
5 47 481144 -1
5 48 1003328 -1
5 49 1045232 1
6 -49 1051056 -1
6 -48 504576 -1
6 -47 5976 1
6 -46 927936 1
6 -45 26928 -1
6 -44 425088 1
6 -43 45144 -1
6 -42 775872 -1
6 -41 740016 1
6 -40 352512 -1
6 -39 335448 -1
6 -38 70848 1
6 -37 605232 -1
6 -36 95616 1
6 -35 271512 -1
6 -34 6336 -1
6 -33 484272 -1
6 -32 228096 1
6 -31 214488 -1
6 -30 402624 -1
6 -29 41904 1
6 -28 176256 -1
6 -27 54792 -1
6 -26 305856 1
6 -25 31536 1
6 -24 131328 1
6 -23 121176 -1
6 -22 222912 1
6 -21 204336 -1
6 -20 1152 -1
6 -19 84888 1
6 -18 51264 -1
6 -17 138672 -1
6 -16 6912 -1
6 -15 55512 1
6 -14 98496 1
6 -13 86832 1
6 -12 38016 1
6 -11 3672 -1
6 -10 57024 -1
6 -9 16272 -1
6 -8 20736 1
6 -7 72 1
6 -6 29376 -1
6 -5 24624 -1
6 -4 10368 -1
6 -3 8856 -1
6 -2 1728 1
6 -1 14256 1
6 0 2304 1
6 1 7128 -1
6 2 1728 -1
6 3 17712 -1
6 4 10368 1
6 5 12312 -1
6 6 29376 1
6 7 144 1
6 8 20736 -1
6 9 8136 -1
6 10 57024 1
6 11 7344 -1
6 12 38016 -1
6 13 43416 1
6 14 98496 -1
6 15 111024 -1
6 16 6912 1
6 17 69336 1
6 18 51264 -1
6 19 169776 1
6 20 1152 1
6 21 102168 -1
6 22 222912 -1
6 23 242352 1
6 24 131328 -1
6 25 15768 -1
6 26 305856 -1
6 27 109584 1
6 28 176256 1
6 29 20952 1
6 30 402624 1
6 31 428976 1
6 32 228096 -1
6 33 242136 1
6 34 6336 1
6 35 543024 -1
6 36 95616 1
6 37 302616 -1
6 38 70848 -1
6 39 670896 1
6 40 352512 1
6 41 370008 -1
6 42 775872 1
6 43 90288 -1
6 44 425088 -1
6 45 13464 -1
6 46 927936 -1
6 47 11952 -1
6 48 504576 1
6 49 525528 1
7 -49 151312 1
7 -48 29920 -1
7 -47 244060 -1
7 -46 936064 -1
7 -45 896752 -1
7 -44 429152 -1
7 -43 205180 1
7 -42 31360 1
7 -41 748144 1
7 -40 356576 -1
7 -39 4588 1
7 -38 645760 1
7 -37 613360 1
7 -36 290912 1
7 -35 137788 1
7 -34 521344 -1
7 -33 98480 1
7 -32 232160 -1
7 -31 109276 -1
7 -30 410752 1
7 -29 35024 -1
7 -28 180320 -1
7 -27 84220 -1
7 -26 313984 1
7 -25 291952 1
7 -24 135392 1
7 -23 62620 -1
7 -22 12160 -1
7 -21 212464 -1
7 -20 97376 1
7 -19 44476 1
7 -18 161920 1
7 -17 29360 1
7 -16 66272 -1
7 -15 29788 1
7 -14 106624 -1
7 -13 94960 -1
7 -12 42080 -1
7 -11 18556 -1
7 -10 65152 -1
7 -9 56944 -1
7 -8 4960 -1
7 -7 10780 -1
7 -6 37504 -1
7 -5 32752 -1
7 -4 14432 -1
7 -3 6460 1
7 -2 23680 -1
7 -1 22384 -1
7 0 1568 1
7 1 5596 1
7 2 23680 1
7 3 25840 -1
7 4 14432 -1
7 5 8188 1
7 6 37504 1
7 7 43120 1
7 8 4960 1
7 9 14236 1
7 10 65152 1
7 11 74224 1
7 12 42080 -1
7 13 23740 1
7 14 106624 1
7 15 119152 -1
7 16 66272 1
7 17 7340 -1
7 18 161920 -1
7 19 177904 -1
7 20 97376 1
7 21 53116 1
7 22 12160 -1
7 23 250480 1
7 24 135392 -1
7 25 72988 -1
7 26 313984 -1
7 27 336880 1
7 28 180320 -1
7 29 8756 -1
7 30 410752 -1
7 31 437104 1
7 32 232160 1
7 33 24620 -1
7 34 521344 1
7 35 551152 -1
7 36 290912 1
7 37 153340 -1
7 38 645760 -1
7 39 18352 -1
7 40 356576 1
7 41 187036 -1
7 42 31360 -1
7 43 820720 -1
7 44 429152 -1
7 45 224188 1
7 46 936064 1
7 47 976240 1
7 48 29920 1
7 49 37828 1
8 -49 8560 1
8 -48 8032 1
8 -47 35252 1
8 -46 946880 1
8 -45 907568 -1
8 -44 13580 -1
8 -43 207884 -1
8 -42 794816 1
8 -41 758960 -1
8 -40 45248 1
8 -39 172460 -1
8 -38 656576 -1
8 -37 624176 -1
8 -36 37040 1
8 -35 140492 -1
8 -34 532160 -1
8 -33 503216 1
8 -32 3712 -1
8 -31 111980 1
8 -30 421568 -1
8 -29 396080 -1
8 -28 5804 1
8 -27 86924 1
8 -26 64960 -1
8 -25 302768 1
8 -24 3520 1
8 -23 65324 -1
8 -22 241856 -1
8 -21 223280 -1
8 -20 12848 -1
8 -19 47180 -1
8 -18 172736 1
8 -17 157616 -1
8 -16 1120 1
8 -15 32492 1
8 -14 117440 -1
8 -13 105776 -1
8 -12 1484 1
8 -11 21260 1
8 -10 75968 -1
8 -9 6160 -1
8 -8 3776 1
8 -7 13484 1
8 -6 48320 1
8 -5 43568 -1
8 -4 2480 1
8 -3 9164 1
8 -2 4928 -1
8 -1 6640 1
8 0 256 -1
8 1 1660 -1
8 2 4928 1
8 3 36656 -1
8 4 620 -1
8 5 10892 1
8 6 48320 1
8 7 53936 -1
8 8 3776 1
8 9 1540 -1
8 10 75968 -1
8 11 85040 -1
8 12 5936 -1
8 13 26444 1
8 14 117440 -1
8 15 129968 -1
8 16 1120 -1
8 17 39404 1
8 18 172736 1
8 19 188720 1
8 20 3212 1
8 21 55820 1
8 22 241856 -1
8 23 261296 1
8 24 3520 1
8 25 75692 -1
8 26 64960 -1
8 27 347696 -1
8 28 23216 -1
8 29 99020 1
8 30 421568 -1
8 31 447920 -1
8 32 3712 1
8 33 125804 -1
8 34 532160 -1
8 35 561968 1
8 36 9260 -1
8 37 156044 1
8 38 656576 -1
8 39 689840 1
8 40 45248 1
8 41 189740 1
8 42 794816 1
8 43 831536 1
8 44 54320 1
8 45 226892 1
8 46 946880 1
8 47 141008 1
8 48 8032 -1
8 49 2140 -1
9 -49 541944 1
9 -48 1041984 -1
9 -47 1000944 -1
9 -46 20016 1
9 -45 51192 1
9 -44 294336 1
9 -43 845424 -1
9 -42 50544 1
9 -41 386424 -1
9 -40 737856 1
9 -39 703728 -1
9 -38 20952 -1
9 -37 106344 1
9 -36 67392 -1
9 -35 191952 1
9 -34 8532 1
9 -33 258552 1
9 -32 489024 -1
9 -31 461808 -1
9 -30 27216 -1
9 -29 204984 1
9 -28 128448 1
9 -27 4464 1
9 -26 1008 -1
9 -25 158328 1
9 -24 295488 -1
9 -23 39312 1
9 -22 7992 -1
9 -21 118584 1
9 -20 219456 1
9 -19 67536 -1
9 -18 324 1
9 -17 28584 -1
9 -16 157248 -1
9 -15 143856 -1
9 -14 8208 -1
9 -13 59832 1
9 -12 108864 -1
9 -11 98928 1
9 -10 1872 -1
9 -9 4536 -1
9 -8 24768 -1
9 -7 67824 1
9 -6 1944 -1
9 -5 28728 -1
9 -4 53568 -1
9 -3 50544 -1
9 -2 756 1
9 -1 7848 1
9 0 576 -1
9 1 15696 -1
9 2 3024 1
9 3 25272 1
9 4 53568 -1
9 5 57456 1
9 6 3888 -1
9 7 33912 1
9 8 24768 1
9 9 9072 -1
9 10 936 -1
9 11 49464 -1
9 12 108864 -1
9 13 119664 -1
9 14 2052 -1
9 15 71928 -1
9 16 157248 -1
9 17 57168 1
9 18 1296 1
9 19 33768 -1
9 20 219456 1
9 21 237168 -1
9 22 15984 1
9 23 19656 -1
9 24 295488 -1
9 25 316656 1
9 26 504 -1
9 27 2232 -1
9 28 128448 -1
9 29 409968 -1
9 30 6804 -1
9 31 230904 -1
9 32 489024 -1
9 33 517104 1
9 34 34128 1
9 35 95976 1
9 36 67392 -1
9 37 212688 1
9 38 41904 -1
9 39 351864 -1
9 40 737856 1
9 41 772848 -1
9 42 25272 -1
9 43 422712 1
9 44 294336 -1
9 45 102384 -1
9 46 5004 -1
9 47 500472 -1
9 48 1041984 -1
9 49 1083888 1
10 -49 1101232 1
10 -48 529664 -1
10 -47 509144 1
10 -46 978112 -1
10 -45 938800 1
10 -44 450176 -1
10 -43 431384 -1
10 -42 826048 1
10 -41 790192 -1
10 -40 377600 -1
10 -39 360536 1
10 -38 687808 1
10 -37 655408 -1
10 -36 311936 -1
10 -35 296600 -1
10 -34 563392 1
10 -33 534448 1
10 -32 253184 1
10 -31 239576 1
10 -30 452800 -1
10 -29 427312 -1
10 -28 18304 1
10 -27 189464 1
10 -26 356032 -1
10 -25 66800 1
10 -24 156416 -1
10 -23 146264 1
10 -22 273088 1
10 -21 254512 1
10 -20 118400 -1
10 -19 109976 -1
10 -18 203968 -1
10 -17 188848 1
10 -16 87296 -1
10 -15 80600 1
10 -14 148672 1
10 -13 137008 -1
10 -12 63104 -1
10 -11 4472 -1
10 -10 107200 1
10 -9 98992 1
10 -8 45824 -1
10 -7 42584 -1
10 -6 79552 -1
10 -5 74800 -1
10 -4 35456 -1
10 -3 33944 -1
10 -2 65728 1
10 -1 64432 -1
10 0 6400 1
10 1 32216 1
10 2 65728 -1
10 3 67888 -1
10 4 35456 -1
10 5 37400 -1
10 6 79552 1
10 7 85168 1
10 8 45824 -1
10 9 49496 -1
10 10 107200 -1
10 11 8944 -1
10 12 63104 -1
10 13 68504 -1
10 14 148672 -1
10 15 161200 -1
10 16 87296 -1
10 17 94424 -1
10 18 203968 1
10 19 219952 -1
10 20 118400 -1
10 21 127256 1
10 22 273088 -1
10 23 292528 -1
10 24 156416 -1
10 25 33400 -1
10 26 356032 1
10 27 378928 1
10 28 18304 -1
10 29 213656 -1
10 30 452800 1
10 31 479152 -1
10 32 253184 1
10 33 267224 -1
10 34 563392 -1
10 35 593200 -1
10 36 311936 -1
10 37 327704 -1
10 38 687808 -1
10 39 721072 -1
10 40 377600 -1
10 41 395096 1
10 42 826048 -1
10 43 862768 -1
10 44 450176 -1
10 45 469400 1
10 46 978112 1
10 47 1018288 -1
10 48 529664 -1
10 49 550616 -1
11 -49 1122416 1
11 -48 540256 -1
11 -47 259868 -1
11 -46 999296 -1
11 -45 959984 1
11 -44 460768 1
11 -43 220988 1
11 -42 847232 -1
11 -41 811376 -1
11 -40 388192 1
11 -39 185564 1
11 -38 708992 1
11 -37 96656 -1
11 -36 322528 1
11 -35 153596 -1
11 -34 584576 -1
11 -33 555632 -1
11 -32 263776 1
11 -31 125084 1
11 -30 20608 -1
11 -29 448496 -1
11 -28 211936 -1
11 -27 100028 -1
11 -26 377216 1
11 -25 355184 -1
11 -24 167008 1
11 -23 78428 -1
11 -22 294272 1
11 -21 275696 -1
11 -20 128992 -1
11 -19 60284 1
11 -18 225152 1
11 -17 210032 -1
11 -16 97888 -1
11 -15 45596 1
11 -14 169856 -1
11 -13 158192 -1
11 -12 10528 -1
11 -11 34364 1
11 -10 128384 -1
11 -9 120176 1
11 -8 56416 1
11 -7 1564 1
11 -6 100736 1
11 -5 95984 -1
11 -4 46048 1
11 -3 22268 -1
11 -2 86912 -1
11 -1 85616 1
11 0 3872 1
11 1 21404 -1
11 2 86912 1
11 3 89072 1
11 4 46048 1
11 5 23996 1
11 6 100736 -1
11 7 6256 -1
11 8 56416 -1
11 9 30044 -1
11 10 128384 1
11 11 137456 -1
11 12 10528 1
11 13 39548 1
11 14 169856 1
11 15 182384 -1
11 16 97888 1
11 17 52508 1
11 18 225152 -1
11 19 241136 -1
11 20 128992 -1
11 21 68924 1
11 22 294272 -1
11 23 313712 1
11 24 167008 -1
11 25 88796 1
11 26 377216 -1
11 27 400112 1
11 28 211936 -1
11 29 112124 1
11 30 20608 -1
11 31 500336 -1
11 32 263776 -1
11 33 138908 1
11 34 584576 1
11 35 614384 1
11 36 322528 1
11 37 24164 -1
11 38 708992 -1
11 39 742256 -1
11 40 388192 -1
11 41 202844 1
11 42 847232 1
11 43 883952 -1
11 44 460768 1
11 45 239996 -1
11 46 999296 1
11 47 1039472 1
11 48 540256 1
11 49 280604 -1
12 -49 382608 1
12 -48 17280 -1
12 -47 266220 -1
12 -46 1024704 1
12 -45 328464 -1
12 -44 29592 1
12 -43 227340 -1
12 -42 872640 1
12 -41 278928 -1
12 -40 16704 1
12 -39 191916 1
12 -38 146880 1
12 -37 28080 1
12 -36 13968 1
12 -35 159948 1
12 -34 609984 1
12 -33 581040 1
12 -32 2880 -1
12 -31 43812 1
12 -30 29376 1
12 -29 473904 -1
12 -28 14040 -1
12 -27 35460 1
12 -26 402624 1
12 -25 380592 1
12 -24 22464 1
12 -23 28260 -1
12 -22 106560 1
12 -21 301104 -1
12 -20 17712 1
12 -19 66636 -1
12 -18 83520 1
12 -17 235440 -1
12 -16 3456 -1
12 -15 51948 1
12 -14 65088 -1
12 -13 12240 1
12 -12 1080 -1
12 -11 40716 1
12 -10 153792 -1
12 -9 48528 -1
12 -8 8640 1
12 -7 32940 -1
12 -6 126144 1
12 -5 40464 1
12 -4 2448 -1
12 -3 28620 -1
12 -2 112320 1
12 -1 111024 -1
12 0 576 1
12 1 27756 1
12 2 112320 1
12 3 114480 1
12 4 1224 -1
12 5 10116 1
12 6 126144 1
12 7 131760 1
12 8 8640 1
12 9 12132 -1
12 10 153792 -1
12 11 162864 -1
12 12 2160 -1
12 13 3060 1
12 14 65088 1
12 15 207792 -1
12 16 3456 -1
12 17 58860 1
12 18 83520 -1
12 19 266544 1
12 20 8856 1
12 21 75276 1
12 22 106560 -1
12 23 113040 -1
12 24 22464 1
12 25 95148 -1
12 26 402624 1
12 27 141840 1
12 28 28080 1
12 29 118476 1
12 30 29376 1
12 31 175248 1
12 32 2880 -1
12 33 145260 -1
12 34 609984 1
12 35 639792 -1
12 36 6984 1
12 37 7020 -1
12 38 146880 1
12 39 767664 -1
12 40 16704 -1
12 41 69732 -1
12 42 872640 1
12 43 909360 1
12 44 59184 1
12 45 82116 -1
12 46 1024704 1
12 47 1064880 1
12 48 17280 -1
12 49 95652 1
13 -49 588920 -1
13 -48 1135936 1
13 -47 1094896 -1
13 -46 8240 -1
13 -45 507704 1
13 -44 976960 -1
13 -43 939376 -1
13 -42 56416 1
13 -41 86680 -1
13 -40 831808 -1
13 -39 797680 1
13 -38 47776 1
13 -37 366008 1
13 -36 700480 1
13 -35 669808 -1
13 -34 40 1
13 -33 305528 1
13 -32 582976 -1
13 -31 555760 -1
13 -30 8272 1
13 -29 251960 1
13 -28 479296 -1
13 -27 455536 1
13 -26 27040 1
13 -25 205304 -1
13 -24 389440 1
13 -23 369136 -1
13 -22 21856 1
13 -21 165560 -1
13 -20 313408 1
13 -19 296560 1
13 -18 1096 -1
13 -17 132728 -1
13 -16 50240 -1
13 -15 237808 -1
13 -14 880 1
13 -13 106808 -1
13 -12 202816 1
13 -11 192880 -1
13 -10 11488 -1
13 -9 17560 -1
13 -8 168256 1
13 -7 161776 1
13 -6 9760 1
13 -5 75704 1
13 -4 147520 -1
13 -3 144496 1
13 -2 1112 -1
13 -1 70520 1
13 0 10816 -1
13 1 141040 -1
13 2 2224 -1
13 3 72248 1
13 4 147520 -1
13 5 151408 1
13 6 9760 -1
13 7 80888 -1
13 8 168256 1
13 9 35120 1
13 10 11488 1
13 11 96440 -1
13 12 202816 1
13 13 213616 -1
13 14 55 1
13 15 118904 1
13 16 50240 -1
13 17 265456 1
13 18 2192 -1
13 19 148280 1
13 20 313408 1
13 21 331120 -1
13 22 21856 -1
13 23 184568 1
13 24 389440 1
13 25 410608 1
13 26 27040 -1
13 27 227768 1
13 28 479296 -1
13 29 503920 1
13 30 4136 1
13 31 277880 1
13 32 582976 -1
13 33 611056 -1
13 34 80 1
13 35 334904 -1
13 36 700480 1
13 37 732016 1
13 38 47776 -1
13 39 398840 -1
13 40 831808 -1
13 41 173360 1
13 42 56416 -1
13 43 469688 -1
13 44 976960 -1
13 45 1015408 1
13 46 4120 1
13 47 547448 1
13 48 1135936 1
13 49 1177840 1
14 -49 173264 1
14 -48 585472 -1
14 -47 564952 -1
14 -46 1089728 -1
14 -45 1050416 1
14 -44 505984 1
14 -43 487192 1
14 -42 937664 -1
14 -41 901808 1
14 -40 433408 -1
14 -39 416344 -1
14 -38 799424 -1
14 -37 767024 -1
14 -36 28288 -1
14 -35 352408 -1
14 -34 675008 -1
14 -33 646064 1
14 -32 308992 -1
14 -31 295384 -1
14 -30 564416 -1
14 -29 538928 1
14 -28 257152 1
14 -27 245272 -1
14 -26 467648 -1
14 -25 445616 1
14 -24 212224 -1
14 -23 202072 1
14 -22 384704 1
14 -21 366128 -1
14 -20 174208 1
14 -19 165784 -1
14 -18 315584 -1
14 -17 300464 1
14 -16 143104 -1
14 -15 8024 1
14 -14 260288 1
14 -13 248624 -1
14 -12 118912 1
14 -11 113944 1
14 -10 218816 1
14 -9 210608 1
14 -8 101632 1
14 -7 98392 -1
14 -6 191168 1
14 -5 186416 -1
14 -4 91264 1
14 -3 89752 1
14 -2 177344 1
14 -1 176048 1
14 0 12544 1
14 1 88024 -1
14 2 177344 -1
14 3 179504 1
14 4 91264 -1
14 5 93208 -1
14 6 191168 -1
14 7 196784 1
14 8 101632 -1
14 9 105304 -1
14 10 218816 -1
14 11 227888 1
14 12 118912 -1
14 13 124312 -1
14 14 260288 -1
14 15 16048 -1
14 16 143104 1
14 17 150232 -1
14 18 315584 1
14 19 331568 -1
14 20 174208 -1
14 21 183064 -1
14 22 384704 -1
14 23 404144 -1
14 24 212224 1
14 25 222808 -1
14 26 467648 1
14 27 490544 -1
14 28 257152 -1
14 29 269464 1
14 30 564416 1
14 31 590768 1
14 32 308992 1
14 33 323032 -1
14 34 675008 1
14 35 704816 -1
14 36 28288 1
14 37 383512 -1
14 38 799424 1
14 39 832688 1
14 40 433408 1
14 41 450904 -1
14 42 937664 1
14 43 974384 1
14 44 505984 -1
14 45 525208 1
14 46 1089728 1
14 47 1129904 1
14 48 585472 1
14 49 86632 1
15 -49 1253232 -1
15 -48 605664 1
15 -47 32508 -1
15 -46 1130112 -1
15 -45 363600 -1
15 -44 526176 -1
15 -43 1044 -1
15 -42 978048 1
15 -41 942192 1
15 -40 453600 -1
15 -39 218268 1
15 -38 1152 -1
15 -37 807408 1
15 -36 129312 -1
15 -35 186300 1
15 -34 79488 -1
15 -33 686448 1
15 -32 329184 -1
15 -31 157788 -1
15 -30 604800 1
15 -29 64368 -1
15 -28 277344 1
15 -27 44244 1
15 -26 72576 -1
15 -25 10800 1
15 -24 232416 -1
15 -23 2268 -1
15 -22 425088 -1
15 -21 406512 -1
15 -20 21600 1
15 -19 92988 -1
15 -18 118656 -1
15 -17 340848 1
15 -16 2016 1
15 -15 78300 -1
15 -14 300672 -1
15 -13 289008 1
15 -12 139104 1
15 -11 828 1
15 -10 259200 -1
15 -9 83664 1
15 -8 121824 -1
15 -7 6588 -1
15 -6 231552 -1
15 -5 226800 1
15 -4 111456 -1
15 -3 54972 1
15 -2 24192 -1
15 -1 216432 1
15 0 7200 -1
15 1 54108 -1
15 2 24192 1
15 3 219888 -1
15 4 111456 -1
15 5 56700 -1
15 6 231552 1
15 7 26352 1
15 8 121824 1
15 9 20916 1
15 10 259200 1
15 11 3312 -1
15 12 139104 1
15 13 72252 -1
15 14 300672 1
15 15 313200 1
15 16 2016 -1
15 17 85212 -1
15 18 118656 -1
15 19 371952 1
15 20 21600 1
15 21 101628 1
15 22 425088 1
15 23 9072 1
15 24 232416 1
15 25 2700 -1
15 26 72576 -1
15 27 176976 1
15 28 277344 1
15 29 16092 1
15 30 604800 -1
15 31 631152 1
15 32 329184 1
15 33 171612 -1
15 34 79488 1
15 35 745200 -1
15 36 129312 1
15 37 201852 -1
15 38 1152 1
15 39 873072 -1
15 40 453600 1
15 41 235548 -1
15 42 978048 -1
15 43 4176 -1
15 44 526176 -1
15 45 90900 -1
15 46 1130112 1
15 47 130032 1
15 48 605664 -1
15 49 313308 1
16 -49 1299376 -1
16 -48 307 1
16 -47 304108 1
16 -46 1176256 -1
16 -45 1136944 1
16 -44 17164 1
16 -43 265228 1
16 -42 1024192 1
16 -41 988336 -1
16 -40 8512 -1
16 -39 229804 1
16 -38 885952 1
16 -37 853552 -1
16 -36 3952 1
16 -35 197836 -1
16 -34 761536 1
16 -33 732592 1
16 -32 2752 -1
16 -31 169324 -1
16 -30 650944 1
16 -29 625456 1
16 -28 9388 -1
16 -27 144268 -1
16 -26 554176 1
16 -25 532144 -1
16 -24 31936 -1
16 -23 122668 -1
16 -22 471232 1
16 -21 452656 -1
16 -20 27184 1
16 -19 104524 1
16 -18 402112 1
16 -17 20368 1
16 -16 1456 -1
16 -15 89836 1
16 -14 346816 -1
16 -13 335152 1
16 -12 5068 1
16 -11 78604 1
16 -10 305344 1
16 -9 42448 -1
16 -8 18112 -1
16 -7 70828 -1
16 -6 277696 -1
16 -5 272944 -1
16 -4 16816 1
16 -3 66508 1
16 -2 263872 -1
16 -1 262576 1
16 1 65644 -1
16 2 263872 -1
16 3 266032 -1
16 4 4204 -1
16 5 68236 1
16 6 277696 -1
16 7 283312 1
16 8 18112 -1
16 9 10612 -1
16 10 305344 1
16 11 314416 -1
16 12 20272 -1
16 13 83788 -1
16 14 346816 -1
16 15 359344 -1
16 16 91 -1
16 17 5092 1
16 18 402112 1
16 19 418096 -1
16 20 6796 -1
16 21 113164 1
16 22 471232 1
16 23 490672 1
16 24 31936 -1
16 25 133036 1
16 26 554176 1
16 27 577072 1
16 28 37552 1
16 29 156364 -1
16 30 650944 1
16 31 677296 1
16 32 2752 -1
16 33 183148 -1
16 34 761536 1
16 35 791344 1
16 36 988 -1
16 37 213388 1
16 38 885952 1
16 39 919216 -1
16 40 8512 1
16 41 247084 1
16 42 1024192 1
16 43 1060912 -1
16 44 68656 -1
16 45 284236 -1
16 46 1176256 -1
16 47 1216432 -1
16 48 4912 1
16 49 324844 1
17 -49 675832 -1
17 -48 1309760 1
17 -47 1268720 -1
17 -46 38392 1
17 -45 594616 1
17 -44 1150784 -1
17 -43 20240 1
17 -42 580 -1
17 -41 520312 1
17 -40 1005632 1
17 -39 971504 -1
17 -38 58640 -1
17 -37 34840 1
17 -36 874304 -1
17 -35 843632 1
17 -34 50864 1
17 -33 392440 -1
17 -32 151360 -1
17 -31 729584 -1
17 -30 21976 -1
17 -29 338872 1
17 -28 653120 -1
17 -27 629360 1
17 -26 9476 -1
17 -25 292216 1
17 -24 563264 1
17 -23 542960 -1
17 -22 32720 1
17 -21 252472 -1
17 -20 487232 1
17 -19 470384 1
17 -18 5680 -1
17 -17 219640 1
17 -16 425024 -1
17 -15 411632 -1
17 -14 12472 1
17 -13 193720 -1
17 -12 376640 -1
17 -11 366704 -1
17 -10 5588 1
17 -9 174712 1
17 -8 342080 -1
17 -7 67120 -1
17 -6 20624 -1
17 -5 162616 1
17 -4 321344 1
17 -3 318320 -1
17 -2 19760 -1
17 -1 157432 -1
17 0 18496 1
17 1 314864 -1
17 2 9880 1
17 3 159160 1
17 4 321344 1
17 5 325232 -1
17 6 5156 -1
17 7 33560 -1
17 8 342080 -1
17 9 349424 1
17 10 22352 1
17 11 183352 1
17 12 376640 -1
17 13 387440 1
17 14 24944 1
17 15 205816 -1
17 16 425024 -1
17 17 439280 1
17 18 2840 -1
17 19 235192 -1
17 20 487232 1
17 21 504944 1
17 22 8180 1
17 23 271480 -1
17 24 563264 1
17 25 584432 1
17 26 37904 -1
17 27 314680 -1
17 28 653120 -1
17 29 677744 -1
17 30 43952 1
17 31 364792 -1
17 32 151360 -1
17 33 784880 -1
17 34 25432 -1
17 35 421816 -1
17 36 874304 -1
17 37 69680 -1
17 38 14660 -1
17 39 485752 -1
17 40 1005632 1
17 41 1040624 1
17 42 2320 -1
17 43 10120 1
17 44 1150784 -1
17 45 1189232 -1
17 46 76784 1
17 47 634360 -1
17 48 1309760 1
17 49 1351664 -1
18 -49 1410480 1
18 -48 684288 -1
18 -47 663768 1
18 -46 429120 1
18 -45 138672 1
18 -44 40320 1
18 -43 586008 -1
18 -42 1135296 -1
18 -41 1099440 1
18 -40 532224 -1
18 -39 515160 1
18 -38 997056 1
18 -37 321552 -1
18 -36 51840 -1
18 -35 150408 1
18 -34 872640 -1
18 -33 843696 -1
18 -32 407808 1
18 -31 78840 -1
18 -30 108864 -1
18 -29 736560 -1
18 -28 118656 1
18 -27 4248 1
18 -26 221760 1
18 -25 643248 1
18 -24 311040 -1
18 -23 300888 -1
18 -22 582336 -1
18 -21 563760 1
18 -20 273024 1
18 -19 2520 -1
18 -18 57024 -1
18 -17 166032 -1
18 -16 241920 1
18 -15 21384 -1
18 -14 457920 -1
18 -13 446256 1
18 -12 217728 1
18 -11 212760 1
18 -10 138816 -1
18 -9 45360 1
18 -8 66816 1
18 -7 197208 1
18 -6 77760 1
18 -5 384048 -1
18 -4 190080 1
18 -3 188568 -1
18 -2 374976 -1
18 -1 124560 -1
18 0 2304 -1
18 1 62280 -1
18 2 374976 1
18 3 377136 -1
18 4 190080 1
18 5 192024 -1
18 6 77760 -1
18 7 394416 -1
18 8 66816 -1
18 9 22680 -1
18 10 138816 -1
18 11 425520 1
18 12 217728 1
18 13 223128 1
18 14 457920 1
18 15 42768 -1
18 16 241920 1
18 17 83016 -1
18 18 57024 1
18 19 5040 -1
18 20 273024 1
18 21 281880 1
18 22 582336 1
18 23 601776 1
18 24 311040 -1
18 25 321624 -1
18 26 221760 1
18 27 8496 1
18 28 118656 -1
18 29 368280 -1
18 30 108864 -1
18 31 157680 1
18 32 407808 1
18 33 421848 1
18 34 872640 1
18 35 300816 -1
18 36 51840 -1
18 37 160776 1
18 38 997056 -1
18 39 1030320 -1
18 40 532224 -1
18 41 549720 -1
18 42 1135296 1
18 43 1172016 -1
18 44 40320 -1
18 45 69336 1
18 46 429120 1
18 47 1327536 -1
18 48 684288 -1
18 49 705240 -1
19 -49 1476208 1
19 -48 717152 -1
19 -47 6572 1
19 -46 43648 -1
19 -45 1313776 1
19 -44 637664 -1
19 -43 309436 -1
19 -42 1201024 -1
19 -41 1165168 1
19 -40 565088 -1
19 -39 274012 1
19 -38 1062784 1
19 -37 1030384 1
19 -36 499424 1
19 -35 242044 1
19 -34 938368 -1
19 -33 909424 -1
19 -32 440672 -1
19 -31 213532 1
19 -30 827776 -1
19 -29 802288 -1
19 -28 388832 1
19 -27 188476 1
19 -26 731008 1
19 -25 708976 1
19 -24 343904 -1
19 -23 166876 -1
19 -22 648064 1
19 -21 629488 1
19 -20 27808 -1
19 -19 148732 1
19 -18 578944 -1
19 -17 563824 1
19 -16 274784 1
19 -15 134044 1
19 -14 523648 -1
19 -13 511984 -1
19 -12 250592 -1
19 -11 122812 -1
19 -10 482176 -1
19 -9 473968 1
19 -8 233312 1
19 -7 115036 -1
19 -6 454528 -1
19 -5 449776 -1
19 -4 222944 1
19 -3 110716 -1
19 -2 440704 1
19 -1 439408 1
19 0 11552 -1
19 1 109852 -1
19 2 440704 -1
19 3 442864 1
19 4 222944 1
19 5 112444 1
19 6 454528 1
19 7 460144 1
19 8 233312 -1
19 9 118492 -1
19 10 482176 1
19 11 491248 1
19 12 250592 -1
19 13 127996 1
19 14 523648 1
19 15 536176 -1
19 16 274784 -1
19 17 140956 -1
19 18 578944 1
19 19 594928 -1
19 20 27808 1
19 21 157372 -1
19 22 648064 -1
19 23 667504 1
19 24 343904 1
19 25 177244 -1
19 26 731008 -1
19 27 753904 -1
19 28 388832 1
19 29 200572 1
19 30 827776 1
19 31 854128 -1
19 32 440672 1
19 33 227356 1
19 34 938368 1
19 35 968176 -1
19 36 499424 1
19 37 257596 -1
19 38 1062784 -1
19 39 1096048 -1
19 40 565088 1
19 41 291292 -1
19 42 1201024 1
19 43 1237744 1
19 44 637664 -1
19 45 328444 -1
19 46 43648 -1
19 47 26288 -1
19 48 717152 1
19 49 369052 -1
20 -49 1549232 -1
20 -48 1472 1
20 -47 366572 1
20 -46 1426112 -1
20 -45 1386800 1
20 -44 42136 1
20 -43 327692 -1
20 -42 1274048 -1
20 -41 1238192 1
20 -40 75200 1
20 -39 292268 -1
20 -38 1135808 1
20 -37 1103408 1
20 -36 66992 -1
20 -35 260300 -1
20 -34 1011392 -1
20 -33 982448 1
20 -32 7456 -1
20 -31 231788 1
20 -30 900800 1
20 -29 875312 1
20 -28 26584 -1
20 -27 206732 -1
20 -26 804032 1
20 -25 156400 -1
20 -24 47552 1
20 -23 185132 1
20 -22 721088 -1
20 -21 30544 1
20 -20 42800 -1
20 -19 166988 -1
20 -18 651968 -1
20 -17 636848 -1
20 -16 1216 1
20 -15 152300 1
20 -14 596672 -1
20 -13 585008 1
20 -12 17944 1
20 -11 141068 1
20 -10 555200 -1
20 -9 546992 1
20 -8 33728 1
20 -7 133292 1
20 -6 527552 -1
20 -5 522800 1
20 -4 32432 1
20 -3 128972 1
20 -2 513728 -1
20 -1 512432 -1
20 0 800 -1
20 1 128108 1
20 2 513728 -1
20 3 515888 -1
20 4 16216 1
20 5 130700 -1
20 6 527552 -1
20 7 533168 -1
20 8 33728 1
20 9 136748 -1
20 10 555200 -1
20 11 564272 -1
20 12 35888 -1
20 13 146252 -1
20 14 596672 -1
20 15 609200 -1
20 16 1216 -1
20 17 159212 1
20 18 651968 -1
20 19 667952 1
20 20 21400 1
20 21 7636 1
20 22 721088 -1
20 23 740528 -1
20 24 47552 1
20 25 39100 1
20 26 804032 1
20 27 826928 1
20 28 53168 -1
20 29 218828 -1
20 30 900800 1
20 31 927152 -1
20 32 7456 1
20 33 245612 -1
20 34 1011392 -1
20 35 1041200 1
20 36 33496 -1
20 37 275852 -1
20 38 1135808 1
20 39 1169072 1
20 40 75200 1
20 41 309548 -1
20 42 1274048 -1
20 43 1310768 1
20 44 84272 -1
20 45 346700 -1
20 46 1426112 -1
20 47 1466288 -1
20 48 1472 1
20 49 387308 1
21 -49 38808 -1
21 -48 1588032 -1
21 -47 1546992 -1
21 -46 94176 -1
21 -45 244584 1
21 -44 1429056 1
21 -43 1391472 -1
21 -42 10584 1
21 -41 219816 1
21 -40 427968 -1
21 -39 1249776 1
21 -38 4752 1
21 -37 592056 1
21 -36 384192 1
21 -35 1121904 1
21 -34 68256 1
21 -33 531576 -1
21 -32 345024 1
21 -31 335952 1
21 -30 61344 1
21 -29 478008 1
21 -28 931392 -1
21 -27 302544 1
21 -26 54 1
21 -25 431352 1
21 -24 841536 1
21 -23 273744 -1
21 -22 4176 1
21 -21 391608 1
21 -20 765504 1
21 -19 748656 -1
21 -18 15264 1
21 -17 358776 1
21 -16 703296 -1
21 -15 689904 1
21 -14 14112 -1
21 -13 110952 -1
21 -12 654912 -1
21 -11 644976 1
21 -10 4968 1
21 -9 104616 -1
21 -8 620352 1
21 -7 613872 -1
21 -6 4752 -1
21 -5 100584 -1
21 -4 199872 1
21 -3 596592 1
21 -2 37152 1
21 -1 296568 -1
21 0 28224 -1
21 1 593136 1
21 2 37152 -1
21 3 298296 1
21 4 199872 -1
21 5 201168 1
21 6 2376 1
21 7 306936 1
21 8 620352 1
21 9 209232 -1
21 10 9936 -1
21 11 322488 1
21 12 654912 -1
21 13 221904 1
21 14 14112 -1
21 15 344952 -1
21 16 703296 -1
21 17 717552 -1
21 18 15264 1
21 19 374328 -1
21 20 765504 1
21 21 783216 1
21 22 2088 1
21 23 136872 -1
21 24 841536 1
21 25 862704 -1
21 26 432 -1
21 27 151272 -1
21 28 931392 -1
21 29 956016 1
21 30 61344 -1
21 31 167976 1
21 32 345024 -1
21 33 1063152 1
21 34 68256 -1
21 35 560952 1
21 36 384192 -1
21 37 1184112 1
21 38 297 -1
21 39 624888 -1
21 40 427968 1
21 41 439632 1
21 42 21168 -1
21 43 695736 -1
21 44 1429056 1
21 45 489168 -1
21 46 94176 1
21 47 773496 1
21 48 1588032 -1
21 49 77616 1
22 -49 1718704 1
22 -48 167680 -1
22 -47 817880 1
22 -46 1595584 -1
22 -45 1556272 -1
22 -44 108416 -1
22 -43 740120 -1
22 -42 1443520 1
22 -41 1407664 -1
22 -40 686336 -1
22 -39 669272 -1
22 -38 1305280 -1
22 -37 1272880 1
22 -36 620672 -1
22 -35 605336 -1
22 -34 1180864 -1
22 -33 1151920 1
22 -32 561920 -1
22 -31 548312 -1
22 -30 1070272 -1
22 -29 1044784 1
22 -28 510080 1
22 -27 99640 1
22 -26 973504 1
22 -25 951472 -1
22 -24 465152 -1
22 -23 3640 1
22 -22 890560 -1
22 -21 871984 -1
22 -20 427136 -1
22 -19 418712 -1
22 -18 821440 1
22 -17 806320 -1
22 -16 396032 -1
22 -15 389336 1
22 -14 766144 -1
22 -13 754480 1
22 -12 371840 1
22 -11 366872 1
22 -10 55744 -1
22 -9 716464 1
22 -8 354560 -1
22 -7 351320 -1
22 -6 697024 -1
22 -5 98896 1
22 -4 344192 1
22 -3 342680 -1
22 -2 136640 -1
22 -1 681904 -1
22 0 30976 1
22 1 340952 1
22 2 136640 1
22 3 685360 -1
22 4 344192 -1
22 5 49448 -1
22 6 697024 1
22 7 702640 1
22 8 354560 1
22 9 358232 -1
22 10 55744 1
22 11 733744 1
22 12 371840 -1
22 13 377240 1
22 14 766144 1
22 15 778672 -1
22 16 396032 1
22 17 403160 1
22 18 821440 -1
22 19 837424 -1
22 20 427136 1
22 21 435992 -1
22 22 890560 1
22 23 7280 -1
22 24 465152 1
22 25 475736 1
22 26 973504 -1
22 27 199280 1
22 28 510080 -1
22 29 522392 1
22 30 1070272 1
22 31 1096624 1
22 32 561920 1
22 33 575960 -1
22 34 1180864 1
22 35 1210672 -1
22 36 620672 1
22 37 636440 1
22 38 1305280 1
22 39 1338544 1
22 40 686336 1
22 41 703832 1
22 42 1443520 -1
22 43 1480240 -1
22 44 108416 -1
22 45 778136 -1
22 46 1595584 1
22 47 1635760 -1
22 48 167680 1
22 49 859352 -1
23 -49 1815920 -1
23 -48 887008 1
23 -47 433244 -1
23 -46 338560 -1
23 -45 1653488 1
23 -44 115360 -1
23 -43 394364 1
23 -42 1540736 1
23 -41 1504880 1
23 -40 734944 -1
23 -39 358940 1
23 -38 1402496 1
23 -37 1370096 -1
23 -36 669280 -1
23 -35 326972 -1
23 -34 1278080 -1
23 -33 1249136 -1
23 -32 610528 -1
23 -31 298460 -1
23 -30 1167488 -1
23 -29 45680 -1
23 -28 558688 -1
23 -27 273404 1
23 -26 1070720 -1
23 -25 1048688 1
23 -24 39520 1
23 -23 251804 -1
23 -22 987776 1
23 -21 193840 1
23 -20 475744 1
23 -19 233660 -1
23 -18 918656 -1
23 -17 903536 1
23 -16 444640 -1
23 -15 218972 1
23 -14 863360 1
23 -13 851696 1
23 -12 420448 -1
23 -11 207740 1
23 -10 821888 1
23 -9 813680 1
23 -8 403168 -1
23 -7 199964 -1
23 -6 794240 -1
23 -5 112784 1
23 -4 78560 1
23 -3 195644 -1
23 -2 780416 -1
23 -1 779120 -1
23 0 16928 1
23 1 194780 1
23 2 780416 1
23 3 782576 1
23 4 78560 1
23 5 28196 1
23 6 794240 1
23 7 799856 1
23 8 403168 1
23 9 203420 -1
23 10 821888 -1
23 11 830960 -1
23 12 420448 -1
23 13 212924 -1
23 14 863360 -1
23 15 875888 -1
23 16 444640 1
23 17 225884 -1
23 18 918656 1
23 19 934640 1
23 20 475744 1
23 21 48460 -1
23 22 987776 -1
23 23 1007216 1
23 24 39520 -1
23 25 262172 -1
23 26 1070720 1
23 27 1093616 -1
23 28 558688 -1
23 29 11420 1
23 30 1167488 1
23 31 1193840 1
23 32 610528 1
23 33 312284 1
23 34 1278080 1
23 35 1307888 1
23 36 669280 -1
23 37 342524 1
23 38 1402496 -1
23 39 1435760 -1
23 40 734944 1
23 41 376220 -1
23 42 1540736 -1
23 43 1577456 -1
23 44 115360 1
23 45 413372 -1
23 46 338560 1
23 47 1732976 1
23 48 887008 -1
23 49 453980 1
24 -49 1921968 1
24 -48 14688 1
24 -47 51084 -1
24 -46 1798848 1
24 -45 586512 -1
24 -44 26892 -1
24 -43 46764 1
24 -42 1646784 1
24 -41 1610928 1
24 -40 98496 -1
24 -39 385452 -1
24 -38 167616 1
24 -37 1476144 -1
24 -36 30096 -1
24 -35 353484 -1
24 -34 153792 -1
24 -33 1355184 -1
24 -32 10368 1
24 -31 324972 -1
24 -30 1273536 1
24 -29 15408 1
24 -28 19116 -1
24 -27 99972 -1
24 -26 1176768 -1
24 -25 1584 1
24 -24 70848 -1
24 -23 278316 -1
24 -22 1093824 1
24 -21 1075248 1
24 -20 7344 -1
24 -19 260172 -1
24 -18 341568 1
24 -17 1009584 -1
24 -16 864 -1
24 -15 245484 -1
24 -14 969408 -1
24 -13 957744 -1
24 -12 14796 -1
24 -11 26028 -1
24 -10 927936 1
24 -9 306576 1
24 -8 57024 1
24 -7 25164 -1
24 -6 900288 -1
24 -5 895536 1
24 -4 55728 1
24 -3 20196 1
24 -2 10944 1
24 -1 885168 -1
24 0 2304 -1
24 1 221292 1
24 2 10944 1
24 3 80784 1
24 4 13932 -1
24 5 223884 -1
24 6 900288 -1
24 7 100656 1
24 8 57024 1
24 9 76644 1
24 10 927936 1
24 11 104112 1
24 12 59184 1
24 13 239436 1
24 14 969408 -1
24 15 981936 1
24 16 864 -1
24 17 252396 1
24 18 341568 -1
24 19 1040688 1
24 20 1836 1
24 21 268812 -1
24 22 1093824 1
24 23 1113264 1
24 24 70848 -1
24 25 396 -1
24 26 1176768 -1
24 27 399888 -1
24 28 76464 1
24 29 3852 -1
24 30 1273536 1
24 31 1299888 1
24 32 10368 1
24 33 338796 1
24 34 153792 -1
24 35 1413936 1
24 36 7524 -1
24 37 369036 1
24 38 167616 1
24 39 1541808 1
24 40 98496 -1
24 41 402732 -1
24 42 1646784 1
24 43 187056 -1
24 44 107568 1
24 45 146628 -1
24 46 1798848 1
24 47 204336 1
24 48 14688 1
24 49 480492 -1
25 -49 1018616 1
25 -48 1995328 -1
25 -47 1954288 1
25 -46 119632 -1
25 -45 937400 1
25 -44 1836352 1
25 -43 1798768 -1
25 -42 110128 1
25 -41 863096 -1
25 -40 1691200 -1
25 -39 1657072 -1
25 -38 50744 -1
25 -37 795704 1
25 -36 1559872 -1
25 -35 1529200 1
25 -34 23428 -1
25 -33 735224 -1
25 -32 1442368 1
25 -31 1415152 1
25 -30 86800 -1
25 -29 681656 -1
25 -28 1338688 1
25 -27 1314928 -1
25 -26 11536 1
25 -25 25400 1
25 -24 1248832 -1
25 -23 175504 1
25 -22 37784 1
25 -21 595256 -1
25 -20 1172800 1
25 -19 1155952 1
25 -18 17812 1
25 -17 562424 1
25 -16 1110592 -1
25 -15 1097200 -1
25 -14 67792 1
25 -13 536504 -1
25 -12 1062208 1
25 -11 1052272 1
25 -10 65200 -1
25 -9 517496 1
25 -8 1027648 -1
25 -7 1021168 -1
25 -6 31736 -1
25 -5 26600 -1
25 -4 1006912 -1
25 -3 1003888 -1
25 -2 15652 -1
25 -1 500216 1
25 0 1600 1
25 1 1000432 1
25 2 62608 -1
25 3 501944 1
25 4 1006912 -1
25 5 53200 -1
25 6 63472 1
25 7 510584 -1
25 8 1027648 -1
25 9 1034992 1
25 10 32600 -1
25 11 526136 -1
25 12 1062208 1
25 13 1073008 1
25 14 16948 1
25 15 548600 -1
25 16 1110592 -1
25 17 1124848 1
25 18 71248 1
25 19 577976 -1
25 20 1172800 1
25 21 1190512 1
25 22 75568 1
25 23 87752 -1
25 24 1248832 -1
25 25 50800 1
25 26 5768 1
25 27 657464 1
25 28 1338688 1
25 29 1363312 1
25 30 21700 -1
25 31 707576 1
25 32 1442368 1
25 33 1470448 -1
25 34 93712 -1
25 35 764600 -1
25 36 1559872 -1
25 37 1591408 -1
25 38 101488 1
25 39 828536 -1
25 40 1691200 -1
25 41 1726192 -1
25 42 55064 1
25 43 899384 1
25 44 1836352 1
25 45 1874800 -1
25 46 29908 -1
25 47 977144 1
25 48 1995328 -1
25 49 2037232 1
